data/cape_peninsula/rasters90/elevation.asc
NCOLS 225 
NROWS 643 
XLLCORNER 249990 
YLLCORNER 6189390 
CELLSIZE 90 
NODATA_value -9999 
[rows 96 to 119 of 643, columns 165 to 219 of 225]
83.24279361301 73.2346954345703 67.0338668823242 59.9093229505751 55.7524630228678 50.552737765842 45.2894410027398 39.7962163289388 35.2303704155816 30.989441341824 26.250470691257 22.1622125837538 17.9531738493178 13.381460931566 14.2367593977186 15.505446434021 15.7159570058187 15.0032000011868 17.5156016879612 19.9512640635173 20.3893725077311 19.8112585279677 18.4965067969428 16.6548159917196 12.2891042497423 10.287495719062 11.1713994344076 12.3129860560099 13.6213692559136 14.7754316329956 15.7494319279989 18.0302403767904 19.4362858666314 20.4767886267768 20.6585678524441 19.7242794036865 18.5273738437229 16.6185473336114 14.6680420769585 10.3291792339749 7.3345627784729 8.75022670957777 12.4065640767415 14.4512069490221 15.1729000939263 14.8377476798164 14.6638375388251 14.6436808904012 13.9078730477227 12.685322019789 12.038951449924 11.2198442882962 10.5757752524482 10.3615525563558 10.591838200887
77.7780973646376 68.0895165337457 63.3985468546549 56.7432725694444 50.5217467414008 46.2121179368761 41.985597398546 37.3267317877875 33.8500705295139 29.1157105763753 25.0986966027154 21.0196675194634 16.839160601298 13.960906346639 16.0691853629218 16.7415504455566 16.9323895772298 16.0727942784627 17.4670834011502 19.380819744534 19.0810792711046 17.3167397181193 14.9756512112088 12.174632496304 10.7517050637139 11.1654776467217 13.0159366395738 14.6597266727024 15.9274780485365 17.3043053944906 18.326299879286 20.1779465145535 21.4528492821587 21.6783050960965 21.1532955169678 19.8499376508925 18.3027801513672 16.2442389594184 13.2688845528497 8.65965292188856 7.92209890153673 9.49002308315701 13.5679461161296 14.9328407711453 15.674144744873 16.0485861036513 15.467090288798 15.2674605051676 14.5085702472263 13.4578109317356 12.7650824652778 11.6295058992174 10.8004724714491 10.5712869432237 10.909944958157
71.8224199083116 66.9884885152181 59.2879130045573 54.1390584309896 48.5362697177463 43.7216339111328 38.8123957316081 35.334969414605 32.4423938327365 28.1074803670247 24.4562445746528 19.4465279049344 15.9095422956679 16.0685210757785 17.7889298333062 18.0741418202718 17.8666271633572 17.3243993123372 17.9408592647976 19.6342076195611 18.8201291826036 16.110656314426 13.2080747816298 11.671620686849 11.4484415054321 13.5839310752021 15.1589074664646 16.645044432746 18.2578896416558 19.5063296424018 21.1100480821398 22.1374073028564 22.5036890241835 22.1476508246528 21.2505777147081 19.7410288916694 17.906381395128 16.1493088404338 12.7648125754462 8.65969954596625 8.22293302747938 10.6371755599976 14.1751560635037 15.5505911509196 16.4218422571818 16.5537285274929 16.0552816390991 15.5487461090088 14.9224358664619 13.9977589713203 13.4820492002699 12.6148580975003 11.5396534601847 11.0583799150255 11.3659182654487
68.1278669569227 61.66632715861 56.4672016567654 50.5588531494141 45.9067713419596 41.9796596103244 37.8009185791016 34.0457702212863 30.0506365034315 25.6583222283257 21.6215351952447 18.3352752261692 15.5639513863458 17.8648375405206 19.401457256741 19.3472836812337 18.9809489780002 18.6397688123915 19.2980567084418 20.6804557376438 19.5596230824788 16.6104634602865 12.8061205546061 11.5722010930379 12.4817497465346 14.8927128050062 17.1750695970323 18.0979599422879 20.0454860263401 21.5603171454536 22.9180005391439 23.2292931874593 23.1593407524957 22.5960907406277 21.2141944037543 19.4083419375949 17.516416337755 16.0220239427355 13.618331167433 10.426579369439 8.71506049897936 11.6725875006782 14.8713597191705 16.1204535166423 16.6462993621826 16.4619060092502 16.036123169793 15.6668671502007 14.8683785332574 14.5315068562826 13.7418798870511 12.9537675645616 12.0102403428819 11.4759292602539 11.5168976253933
60.3884590996636 56.2349073621962 51.2546314663357 47.093324025472 44.6210581461589 39.5308176676432 35.3314030965169 30.7059290144179 27.4206538730197 23.2736941443549 20.6968527899848 18.6701933542887 16.0765471988254 19.8045395745171 20.4710388183594 20.4292596181234 19.9306632147895 19.9796977572971 21.3818035125732 22.1326724158393 21.5580107371012 18.885920630561 13.0616648991903 11.9645734363132 13.2994112438626 16.1703917185465 18.7710319095188 19.532896677653 21.1604781680637 22.5352889166938 23.832609600491 24.4595241546631 23.7839075724284 22.8328611585829 21.7914543151855 19.5187430911594 17.4669070773655 16.1472330093384 14.32040087382 11.1364977094862 9.79779031541612 13.0624912050035 15.2828931808472 16.7126842074924 16.9080814785428 16.5467703077528 16.4670588175456 15.5987796783447 15.0503438313802 14.4541384379069 13.3760900497437 12.6934139463637 12.2550033993191 11.5946875678168 11.7523337470161
56.3196241590712 51.1625183953179 47.4222636752658 43.4943457709418 41.1034884982639 35.7667198181152 34.0872467888726 26.6074464586046 24.0996748606364 21.6461069318983 19.7646738688151 18.1663818359375 20.9785007900662 21.2457690768772 22.1026613447401 20.7776389651828 20.8666729397244 21.68723487854 22.7960628933377 23.1508886549208 22.7572521633572 19.3910756640964 12.9882659912109 12.3599032296075 15.1626239352756 17.8140682644314 19.3788693745931 21.2387756771511 22.5494526757134 23.4417027367486 24.5584097968207 24.677635828654 24.28799756368 23.314153459337 21.9872033860948 19.557897567749 17.6396895514594 16.021577835083 14.5348539352417 11.9136379559835 11.1798018349542 14.258797539605 15.5441961288452 16.6682446797689 17.311256620619 17.3166932000054 17.0731836954753 16.1988583670722 15.6141535441081 14.4218464957343 13.1943408118354 12.5739586088392 12.5401032765706 12.1173031065199 12.2507738537259
53.6113425360786 48.1925044589572 44.4944996303982 40.9746534559462 39.423531850179 35.3979687160916 30.9030168321398 23.7560708787706 21.2464097340902 19.6543593936496 20.838905122545 21.5524306827121 23.3278191884359 22.4578181372748 22.0036044650608 21.924676683214 22.4936684502496 23.8336537679036 24.1180928548177 23.7645414140489 22.1745821634928 17.0237192577786 12.3699992497762 13.1448016696506 15.4809697469076 18.3465510474311 20.439761267768 22.3890923394097 23.5500935448541 24.3370427025689 25.0525050693088 25.1370697021484 24.3718013763428 23.3751409318712 21.8525329165989 19.7619643741184 17.8293323516846 15.7061528099908 13.371200243632 12.5167006386651 12.3792710834079 15.7891123029921 16.365370326572 16.6834958394368 17.2807581159804 17.4882100423177 17.6254971822103 16.6762504577637 16.0830937491523 14.9129756291707 13.4933035108778 12.7161615159776 13.3025014665392 13.3495926327176 13.270763291253
50.0673789978027 44.775217268202 41.1929244995117 39.1105791727702 36.2396320766873 33.2405776977539 27.8195692698161 22.6469446818034 20.1196556091309 20.0276084476047 23.1484285990397 24.4855762057834 24.6350572374132 23.8156227535672 22.7761285569933 23.0661869049072 23.6793507470025 24.8778298695882 24.6182948218452 23.2307116190592 19.095192167494 15.1162457995945 14.0170868767632 15.2215443717109 16.4067788653904 18.3674212561713 21.694935268826 23.1677816179064 24.4270034366184 25.0232024722629 25.6424708896213 25.6040865580241 24.893284479777 23.4809002346463 22.0414475335015 19.7966507805718 17.7477669186062 15.3323106765747 12.525226910909 10.4822385576036 12.9120461146037 15.9313179651896 16.6568658616808 17.019159105089 17.4613297780355 17.576762093438 17.7038275400798 17.4206239912245 16.4362086190118 15.3981072107951 14.1703787909614 13.4567171732585 13.6398350397746 13.7799888186985 14.3777785831028
49.513858795166 42.6408059861925 38.5665732489692 35.6957168579102 31.7757078806559 29.5452126397027 24.4827664693197 21.173367606269 20.6296905941433 22.4871217939589 24.1583959791395 24.8807144165039 24.9482423994276 24.1709300147163 22.7786875830756 24.0270178053114 25.284049987793 25.3191248575846 24.0992393493652 19.6374335818821 16.038285891215 14.539637459649 15.9565246370104 17.6403537326389 18.7010453542074 19.6380805969238 20.9101015726725 23.6165875328912 24.6292213863797 25.22409163581 25.5088500976562 25.4841323428684 24.8272484673394 23.4970041910807 22.104795244005 20.0777899424235 18.0202929178874 15.7270176145766 12.3435629738702 10.7310870488485 13.984514342414 16.5036350886027 16.8355562422011 17.4761763678657 17.4783857133653 17.563739988539 18.2498647901747 17.6098149617513 16.6364364624023 15.4442830615573 14.3656585481432 13.5570789972941 14.2376427120633 14.6239195929633 15.2909150653415
47.5531340705024 42.2378866407606 37.8816854688856 33.4593435923258 29.9572429656982 26.8260667588976 23.8715322282579 21.5470610724555 22.7574759589301 24.4440922207303 25.6344091627333 24.9911526574029 24.9868100484212 24.874265882704 24.6138017442491 25.9600490993924 26.0508047739665 25.4261114332411 22.6362552642822 16.482658068339 15.0717164145576 16.1635528140598 18.0085506439209 19.4551493326823 20.4236439598931 21.1759969923231 21.8685404459635 23.1854983435737 24.4080431196425 25.1395509507921 25.4350732167562 25.5006830427382 24.897028181288 23.5744931962755 22.3049290974935 20.3050293392605 18.3488551245795 16.0940602620443 12.8507714801364 11.1313347286648 14.3790895673964 16.558339436849 17.2734207577176 17.0185894436306 17.3666489919027 17.6412222120497 18.3286486731635 18.4540831247965 17.2133541107178 15.785999721951 14.7706123987834 14.3655920028687 14.6814720365736 15.3731115129259 15.9129254023234
45.6789279513889 41.0378053453233 37.5412284003364 34.1961470709907 30.5716374715169 27.5487079620361 25.2444479200575 23.7176494598389 26.285270690918 26.7328612009684 26.8017506069607 26.1973453097873 25.5574559105767 25.7861052619086 26.8892271253798 27.6538995107015 27.2554759979248 24.8583575354682 19.4291017320421 15.7628030776978 15.4670751359728 17.5784286922879 19.3180480533176 20.3609553443061 21.386626985338 22.3008422851562 22.5702870686849 22.9604261186388 24.1365356445312 24.8888575236003 25.4339165157742 25.4710964626736 24.8155318366157 23.6304115719265 22.3728199005127 20.3653026156955 18.4935046301948 16.259968969557 13.6198275883993 12.2612024943034 14.2787879308065 16.5882102118598 17.2557184431288 16.7066101498074 17.2024788326687 17.6305883195665 18.2811283535428 18.4330607520209 17.3960770501031 15.8912857903375 14.9027155770196 14.6396965450711 14.8589785893758 15.6783258650038 16.1669911278619
43.0291675991482 39.2795503404405 36.1519588894314 32.1952669355604 29.8370592329237 27.7582927280002 24.640862358941 27.9076353708903 28.4096037546794 27.9318055046929 28.1161573198107 27.5032501220703 26.8708996242947 27.5395480261909 28.0118302239312 27.7610217200385 27.0369601779514 23.333902782864 18.1281613243951 16.1158537334866 17.3300906287299 18.2835161421034 19.8703638712565 21.2215955522325 21.9060615963406 22.8920680152045 23.379674911499 23.8996526930067 24.3433589935303 24.6436078813341 25.6449760860867 25.7052875094944 24.8354776170519 23.7303271823459 22.4103412628174 20.7129768795437 18.3750303056505 16.0780749850803 14.1579438315497 12.4940141042074 14.3266087638007 16.5689392089844 17.3940698835585 16.7637640635173 17.0544323391385 17.7404056125217 17.9244632720947 18.1830577850342 17.4772044287788 15.942800839742 15.4225698047214 15.0753309461806 15.5898082521227 16.0201324886746 16.5376593271891
40.631905025906 37.4214931064182 33.0773239135742 30.5916283925374 29.0372140672472 27.598688337538 28.7422580718994 29.3982075585259 29.4372111426459 29.6927922566732 29.3963330586751 28.6956397162543 27.8270647260878 28.4655592176649 28.2453937530518 27.132197909885 25.6794590420193 21.7830376095242 17.7074981265598 17.3221679263645 19.3696022033691 19.6167136298286 20.1650676727295 21.6004475487603 22.5864533318414 23.4526822831896 23.8860975901286 24.4296194712321 24.4472624460856 25.1113662719727 26.3148655361599 25.8520469665527 25.0280390845405 23.5312402513292 22.3425146738688 20.8645256890191 18.9409855736627 16.2852991951836 14.4272828631931 12.7176058027479 14.6403928332859 16.6819284227159 17.6320078108046 17.6073341369629 17.7334961361355 17.6657481723362 17.5385814242893 17.5329352484809 17.07500161065 16.078588379754 15.4281038708157 15.5598368114895 15.8771739535862 16.5285674201118 17.1689033508301
37.5605227152506 34.9214820861816 31.92032178243 30.4746708340115 29.1960758633084 30.8445847829183 30.9983745151096 30.8187262217204 30.7297528584798 30.5781156751845 29.7551538679335 28.7854273054335 27.6325723859999 27.8372088538276 26.9824434916178 25.4181005689833 22.2973340352376 19.2575189802382 17.679443359375 19.1916904449463 20.8042244381375 21.1177798377143 21.1171894073486 21.9453319973416 22.9063593546549 23.5580518510607 23.8386565314399 23.8562427096897 24.3859458499485 24.8513194190131 26.0058852301704 25.701779683431 25.0751912858751 23.2384692298041 21.8532579210069 20.4075768788656 18.9957311418321 16.542960272895 14.3157741758558 14.7049440807766 16.2295997407701 17.6604436238607 18.4853551652696 18.2006702423096 17.773324754503 17.6659933725993 17.676352818807 17.4950133429633 17.1050819820828 16.5151538848877 15.6784301333957 15.807284673055 16.5493017832438 16.7859174940321 17.2670870886909
37.7758420308431 34.7823757595486 31.3990874820285 30.1348588731554 33.4769859313965 32.9086765713162 32.5008118947347 32.1541868845622 31.292206870185 30.0670733981662 29.4918331570095 28.1426518758138 26.7732268439399 26.0532167222765 25.0076605478923 23.11931737264 20.2182193332248 19.5877715216743 18.8086020151774 20.5959688822428 21.7782272762722 22.2718906402588 22.2480189005534 22.6853822072347 23.4506850772434 24.0793645646837 24.4938587612576 24.4789538913303 24.6473583645291 25.3061057196723 26.1998229556613 25.9094060262044 24.8714781867133 22.8330264621311 21.5708094702827 20.0762638515896 18.5056898328993 16.3421617084079 14.5419174830119 16.3523236380683 17.661976284451 18.4323904249403 18.7656021118164 18.4897015889486 17.8101011912028 17.6767243279351 17.6295744578044 17.4591929117839 16.8980541229248 16.4846390618218 16.0174388885498 16.0488769743178 16.6235224405924 16.9015432993571 17.4776543511285
37.3653958638509 33.7525174882677 34.6469281514486 34.8133265177409 34.9145367940267 34.2215160793728 33.7599788241916 33.423718770345 31.83737288581 30.2335652245416 29.4948016272651 27.5522107018365 25.9624243842231 24.7411946190728 23.3631015353733 21.7152271270752 20.5404605865479 19.9096762339274 20.851216422187 22.0212016635471 22.8522610134549 23.3553471035428 23.1235832638211 23.3748921288384 24.1024644639757 24.4376078711616 24.6270105573866 24.6055556403266 24.7218967013889 25.4434195624457 25.7785110473633 25.6108809577094 24.5686505635579 22.7610361311171 21.5092192755805 19.854341506958 18.1797313690186 16.4074521594577 14.3465965059068 16.9734808603923 18.3102444542779 18.5688531663683 18.5581183963352 18.719229804145 18.0425595177544 17.708733452691 17.645499335395 16.8726450602214 16.7899142371284 16.474915822347 16.5239734649658 16.5813077290853 16.6076276567247 16.7115207248264 17.4874884287516
33.9223524729411 36.5010958777534 37.6137279934353 37.2540817260742 36.7878807915582 36.1722590128581 35.6276134914822 34.2536392211914 31.6947689056396 30.4912448459201 29.3911416795519 27.6491652594672 26.0209219190809 24.4150246514214 22.7145426008436 21.4539165496826 20.7948803371853 22.1528767479791 22.4297996097141 23.3634577857123 23.7429277631972 23.778074476454 23.8048458099365 23.754084693061 24.3529190487332 24.6086220211453 24.7364362080892 24.6599424150255 24.9086305830214 25.5775655110677 25.5723480648465 25.1850045522054 24.1376251644558 22.6658738454183 21.3319483862983 19.6986062791612 17.9604244232178 16.2845510906643 14.4447967741224 17.2266629536947 18.6847784254286 18.6295977698432 18.6259206136068 18.6688933902317 18.6064631144206 17.9250814649794 17.750573264228 16.8972924550374 16.7933493720161 16.4941938188341 16.6146000756158 16.661875406901 16.5858754052056 16.6341285705566 17.3523428175184
41.2329661051432 40.3459074232313 40.1709124247233 39.9079670376248 39.4900555080838 38.6370277404785 37.2743242051866 35.3185611300998 32.3246076371935 30.5583299001058 29.317291047838 27.7610734303792 26.3363918728299 24.9579836527506 23.0359151628282 21.8492416805691 21.3907042609321 22.5930690765381 23.5093583001031 24.2613836924235 24.6461520724826 24.6105414496528 24.7916651831733 24.7059374915229 24.6940818362766 24.8107058207194 24.6272574530707 24.6204761928982 25.2324805789524 25.7112738291423 25.5840882195367 24.8334715101454 23.6165739695231 22.1805888281928 20.9504008822971 19.5944249894884 17.6592123243544 16.2883696026272 15.1155999501546 17.2755377027724 18.6519379085965 18.604253133138 18.6523861355252 18.6865683661567 18.6214913262261 18.5174482133653 17.6101623111301 17.1576658884684 16.8106897142198 16.463922712538 16.8578995598687 17.3702138264974 17.3811049991184 17.599855211046 18.0104779137505
44.193844265408 44.2748391893175 43.4055565728082 42.7479218377007 42.1864590115017 40.7583346896701 38.3880801730686 36.1221605936686 34.005121866862 31.6470830705431 30.1118869781494 28.4659921858046 26.8618723551432 25.8993097941081 24.1031790839301 22.8419193691678 22.9751591152615 23.4374230702718 24.4676568773058 25.3549688127306 25.6982947455512 25.7320728302002 25.633321762085 25.4593291812473 25.4215647379557 25.4724093543159 25.205012427436 25.3156390719944 25.5465284983317 25.6823086208767 25.3192401462131 24.4449852837457 23.2909475962321 21.9556819068061 20.3901752895779 18.9610483381483 18.0670971340603 16.6259268654717 15.8321646584405 17.2588344150119 18.7136294047038 18.6223169962565 18.6280911763509 18.4484539031982 18.4561388227675 18.5777484046088 18.1300080617269 17.471127404107 16.8782812754313 16.8549418979221 17.5202028486464 17.9346489376492 18.2148655785455 18.0554135640462 18.109343846639
48.5824106004503 48.3934682210286 46.2893608940972 45.1934695773654 44.3038105434842 42.4054383171929 39.6807619730631 37.7343050638835 35.6162334018283 33.2824575636122 31.1710029178195 29.8908799489339 28.5188475714789 28.1356489393446 26.898681640625 23.9772845374213 23.6128431955973 24.6257033877903 25.7635807461209 26.2618649800618 26.6472009023031 26.5631707509359 26.3332699669732 26.1869945526123 25.6326897939046 25.5540616777208 25.7743583255344 26.0276648203532 26.4059340159098 26.3414431677924 25.4653212229411 24.5539332495795 23.1542544894748 21.9448765648736 20.2825067308214 18.9479298061795 18.5771452585856 16.8795324961344 16.4737816916572 17.6032316419813 18.6160895029704 18.6773319244385 18.6517018212212 18.6814484066433 18.7139750586616 18.7065304650201 18.6909779442681 18.2313482496474 17.558102077908 17.5547591315375 17.6800793541802 18.5285057491726 18.5594160291884 18.7170276641846 18.4994947645399
53.1552450391981 50.7873797946506 48.5692532857259 47.3867263793945 46.3817460801866 44.7156287299262 42.6391927931044 39.8127161661784 37.0671789381239 34.7934108310276 32.9381766849094 31.6774397956 30.7582751380073 30.5438124338786 27.0423494974772 25.5621299743652 25.4803897009955 26.1981069776747 26.8763749864366 27.2938158247206 27.4297050899929 27.3262356652154 26.9017988840739 26.689110438029 26.3917586008708 26.1249614291721 26.4989128112793 26.5968178643121 26.6483395894368 26.3086844550239 25.1346906026204 24.0844942728678 23.0622702704536 21.9558520846897 20.9027044508192 19.7464909023709 20.2175407409668 17.3386645846897 17.3211572435167 18.0720833672418 18.746929804484 18.6436038547092 18.6491900549995 18.5677004920112 18.6588887108697 18.6649205949571 18.2605870564779 17.8424640231662 17.7440325419108 17.8166995578342 18.5073941548665 18.7639789581299 19.302592171563 18.7025458017985 18.4546678331163
55.5443530612522 53.2265764872233 51.4167535569933 49.948067135281 48.7822541130914 47.0701260036892 45.1897502475315 41.9641176859538 39.2883122762044 36.7895554436578 34.9731157090929 33.8209309048123 31.9189779493544 29.6512192620171 28.3060516781277 27.1095750596788 27.4234720865885 27.5596908993191 28.1439310709635 28.4052115546332 28.1054448021783 28.0960782368978 27.6268865797255 27.5857054392497 27.4920588599311 26.9329814910889 26.8618159823947 26.8077636294895 26.7166489495171 26.2271597120497 24.9671853383382 23.861781862047 23.1928666432699 22.2918290032281 21.0644785563151 19.7250944773356 19.3289303249783 18.3049102359348 18.2260754903158 18.3699876997206 18.6433578067356 18.6726309458415 18.6252023908827 18.531651602851 18.6696421305339 18.6004534827338 17.822701772054 17.7936941782633 17.9215361277262 18.1766179402669 18.653993818495 18.9030250973172 18.7479544745551 18.6887529161241 18.485924826728
58.962767706977 56.5062823825412 54.8291206359863 53.375057220459 51.8254390292697 50.0941013760037 48.0055919223362 44.8782119750977 42.4331571790907 39.6896726820204 37.3452127244737 35.1629367404514 32.6130527920193 29.9026792314317 29.3090294731988 29.3605812920464 29.1955636342367 28.8643610212538 29.1368681589762 28.995421939426 28.613527086046 28.4725426567925 28.2659210628933 27.609614054362 27.5420330895318 27.339925342136 26.8008592393663 26.2399732801649 25.9041239420573 25.3056619432237 24.5091114044189 23.5752495659722 22.8236272599962 22.1722708808051 20.6223521762424 19.4729069603814 19.0432936350505 18.0183414883084 17.6695713467068 17.9065288967556 18.5511525472005 18.7356236775716 18.6822997199164 18.6752351125081 18.7864411671956 18.6597222222222 17.9998099009196 17.8731191423204 18.3249490525987 18.5845815870497 19.1334546407064 19.467532687717 19.2627061208089 19.2292766571045 18.7738333808051
63.4882418314616 60.6831330193414 59.0831815931532 57.4806510077582 55.6705521477593 53.9403584798177 51.0190027025011 47.9400350782606 44.3152347140842 41.9192093743218 38.5663312276204 35.5399670071072 32.9315215216743 30.9310184054904 30.8772682613797 31.3721004062229 31.1183342403836 30.8077343834771 30.223400539822 30.0729132758247 29.422077814738 29.2578286064996 28.7175776163737 28.29474512736 27.7506887647841 27.1778011322021 26.4276413387722 25.7773484124078 24.9155762990316 24.5380965338813 24.0011605156793 23.3060075971815 22.6791723039415 22.1857198079427 20.6284156375461 19.6649210188124 18.7325600518121 18.6533317565918 17.8155153062608 18.0918672349718 18.6493038601345 18.7047731611464 18.9484575059679 18.6929219563802 18.7795643276638 19.0226482815213 18.6256554921468 18.5176491207547 18.6525970035129 18.7498380872938 19.6251797146267 19.6464400821262 19.5063716040717 19.5412394205729 18.9474688635932
