data/cape_peninsula/rasters90/elevation.asc
NCOLS 225 
NROWS 643 
XLLCORNER 249990 
YLLCORNER 6189390 
CELLSIZE 90 
NODATA_value -9999 
[rows 288 to 311 of 643, columns 110 to 164 of 225]
11.3266758388943 12.4651130040487 13.4812841415405 14.564671198527 15.8929196463691 15.6808717515733 19.4333240720961 17.0585141711765 20.3181593153212 19.2477249569363 20.7788831922743 27.0719307793511 41.0275463528103 58.8236410352919 71.1773291693793 93.3091515435113 116.343135409885 106.747175428602 108.286984761556 100.522316826714 75.5258712768555 53.6190223693848 28.6123318142361 22.3421091503567 17.0527909596761 17.1858850055271 17.1374954647488 19.7029847039117 21.1763261159261 21.7837263743083 23.6922126346164 28.6301432715522 35.3008454640706 44.3991656833225 55.4306038750543 69.9212464226617 83.264525519477 98.8325712415907 110.435280693902 119.756164550781 132.567229376899 146.682902018229 165.454347398546 182.498084174262 201.759535047743 218.541803995768 233.19021097819 233.36656528049 227.943862915039 227.469341701931 208.241978963216 178.731713189019 154.968544854058 143.406314425998 119.498136732313
10.3265033298069 10.891519970364 11.5919882456462 12.7848516040378 14.0712816450331 14.4516010284424 17.0453527238634 19.7637018627591 22.5178048875597 24.8008742862278 21.4977968004015 20.4830618964301 22.1056751675076 28.945433722602 42.2899460262722 67.8468098110623 78.6891123453776 83.452749464247 82.4722179836697 84.4283379448785 76.9758241441515 58.7316127353244 31.9227915869819 19.99520556132 16.8876087400648 14.158954832289 14.0207695431179 16.0954584545559 15.7691584693061 15.8073553509182 16.0130099190606 17.4353080325656 21.2116808361477 24.9346877204047 30.1545791625977 40.4833431243896 50.3294092814128 66.7432026333279 83.4672402275933 94.0143339369032 107.572483486599 126.343837314182 143.997758653429 162.660656399197 187.479553222656 198.114649454753 202.252334594727 199.411917792426 192.574803670247 192.470089382595 185.586293538411 161.447077433268 142.116282145182 102.608337402344 71.7606641981337
9.69688362545437 10.3859332402547 11.0992684894138 11.9549457761976 13.2106010648939 14.7541546291775 16.2529766294691 17.0932723151313 17.6068941752116 18.9843277401394 20.945703930325 24.0318936241998 25.1431312561035 26.0374563005235 27.2850227355957 39.1065139770508 50.1107491387261 54.4399452209473 57.2961692810059 63.1214917500814 58.1204986572266 53.8328687879774 42.4508815341526 26.3848838806152 16.2513949076335 15.1411602232191 14.6011038886176 12.9895569483439 13.1855005688137 12.6293625301785 13.2657086054484 13.2241260740492 14.8699928919474 17.3405884636773 18.6880283355713 23.5238162146674 30.2619999779595 42.8839484320747 54.746161142985 71.5458730061849 89.6623204549154 108.888356526693 127.065696716309 141.393391927083 172.586985270182 182.268636067708 171.166629367405 162.337982177734 149.872531467014 143.769546508789 137.235461764865 118.370585971408 95.6824798583984 64.6610849168566 30.3164607153998
10.1027380625407 10.8501834869385 11.5238813824124 12.1869574652778 12.6842794418335 14.0712349149916 15.3859847386678 16.1810647116767 17.1901463402642 17.7429277631972 17.6999437544081 18.1976725260417 22.117535273234 28.7874728308784 29.5750834147135 29.46159002516 33.4571668836806 37.4764092763265 39.2794623904758 43.9157354566786 42.1366356743707 43.2281498379177 42.2270359463162 33.5569299062093 23.7854577170478 16.3029991785685 15.49229060279 14.837438583374 12.0051018397013 11.8456339306302 11.888929049174 11.6724398930868 11.1147126091851 11.7667286131117 13.8372602462769 17.0870663324992 21.6066110399034 29.7697389390733 42.5053007337782 59.9903954399957 79.8469051784939 99.8211195203993 117.522808498806 137.489673190647 151.724402533637 151.099190606011 140.042180379232 129.025395711263 117.313680860731 105.280321756999 92.3703409830729 77.1292122734917 57.8998896280924 34.7364966074626 13.3365026050144
12.4240911271837 13.2975713941786 13.9853794309828 14.2724040349325 14.3734831280178 15.1381559371948 15.2974004745483 15.9755257500543 17.3624846140544 17.5718150668674 17.2899587419298 18.1035272810194 19.1740540398492 19.6993211110433 20.1909160614014 23.4095041486952 25.5429250929091 25.9066024356418 28.4386802249485 28.8888761732313 31.0526307423909 34.3957063886854 39.1683968438043 38.1421373155382 38.6643748813205 27.7226363288032 16.7586353090074 14.9665194617377 13.9184981452094 11.9550867080688 11.3836318122016 11.62389087677 10.9087034861247 10.0746743943956 9.95436392890082 12.3728344175551 18.1925376256307 32.5386409759521 54.2806536356608 79.4519708421495 106.02390967475 117.411540561252 128.301638285319 141.752655029297 153.493745591905 149.205130683051 123.735028584798 104.341489156087 88.9115558200412 67.6147100660536 51.8128895229763 41.8964432610406 30.8314490848117 20.3676010767619 7.83220556047228
15.9782484902276 17.6494008170234 19.1529905531141 20.2151008182102 19.2762376997206 18.4321424696181 17.5469733344184 16.9878904554579 17.4216543833415 17.5288437737359 17.4211904737684 17.5726913876004 16.8729746076796 18.1279558605618 19.3012625376383 19.1035099029541 19.5778183407254 21.5652230580648 24.0937807295057 26.8083686828613 28.107369740804 26.7884811825222 29.5544177161323 30.5759858025445 35.3602055443658 31.2083428700765 20.0057471593221 16.33951971266 15.1920019785563 11.3880542119344 9.75380579630534 8.89541927973429 10.2107646200392 10.1053857273526 9.87538486056858 11.0617122650146 16.8676521513197 29.7491488986545 60.7151052686903 101.032292683919 145.63762749566 169.853776719835 170.903172810872 178.10843234592 174.474938286675 169.376914130317 153.585233052572 109.662553575304 72.3458256191677 41.929045147366 30.2367513444689 21.7728299034966 14.1180018319024 8.59006174405416 2.27118438772029
21.9104709625244 25.7908852895101 28.6061363220215 28.1391885545519 26.3345726860894 23.2794829474555 21.1215591430664 19.4036290910509 18.6254357231988 17.9467358059353 17.9255447387695 18.9942126803928 19.0992342631022 18.995475769043 19.0585594177246 18.6003793080648 18.3920067681207 19.1292285919189 19.8131330278185 20.583134121365 22.7714852227105 24.437797970242 24.0948738522 22.7742818196615 21.6955390506321 19.4245240953233 15.8720724317763 15.0287267896864 14.1405301623874 12.5839743084378 10.6166512171427 8.88806925879584 8.21936353047689 7.86598274442885 8.55987797843085 10.9648508495755 14.7588611178928 24.3437608083089 49.2475662231445 88.0703951517741 127.356974283854 171.083011203342 200.662117852105 220.115412394206 224.734954833984 203.509387546115 178.643071492513 138.363812764486 92.9490237765842 53.0036994086371 29.5230210622152 15.4699419869317 8.91676664352417 3.23141277457277 0.0115810732046763
30.0039448208279 34.5879406399197 36.7104381985135 35.1840964423286 33.4148288302951 28.475132200453 27.6185830434163 24.2414855957031 21.9195726182726 20.1363800896539 18.9677721659342 19.7599811553955 19.7581047481961 19.4500545925564 19.199322382609 18.3756421407064 17.2568728129069 17.394084294637 17.9230825636122 18.1182214948866 18.8598370022244 19.0628140767415 19.5582400427924 20.0799263848199 18.5054166581896 16.4512397978041 13.8837358686659 12.9775737126668 12.0902662277222 12.3128799862332 10.3416950437758 9.87694051530626 8.54522885216607 7.48040660222371 7.4556523958842 7.49395810233222 7.79784493976169 15.6448383331299 27.9293744828966 49.6182149251302 77.1610633002387 111.497129652235 168.644549899631 202.032221476237 207.139556884766 218.06386311849 215.304999457465 173.457997639974 121.171713935004 74.903923034668 38.3254335191515 16.8136138916016 6.45964874161614 0.878749722821845 0.0729501930375894
38.7444818284776 42.7324752807617 44.095389895969 42.94367090861 41.0028915405273 39.0952917734782 38.5537270439996 34.5321225060357 30.4930216471354 25.6114495595296 22.7068498399523 20.8924083709717 20.3260705735948 20.1255020565457 19.5878028869629 18.2124601999919 17.6848097907172 17.7939703199599 17.9732860989041 18.0036468505859 17.3432754940457 16.8285115559896 16.975715637207 17.8322522905138 21.2674738566081 18.3778581619263 13.7564371956719 12.2970895767212 11.2113546795315 10.8381646474202 9.4798748228285 9.03438568115234 8.39344777001275 7.65591944588555 6.88692665100098 6.33364984724257 6.26230923334757 6.40983072916667 10.8993014229669 24.4449107911852 45.0880165100098 71.8070526123047 115.59519873725 152.927295260959 151.294297960069 159.616678873698 189.865085177951 191.091786702474 165.376923455132 97.3698298136393 53.9759843614366 22.3931085798475 10.2339452637566 3.77885867489709 0.826475003113349
46.473213619656 50.5151867336697 52.073067135281 57.4045363532172 57.2835464477539 56.510733710395 51.9422259860569 49.5954700046115 44.8198975457085 35.6016114552816 30.4608470069038 26.3222649892171 23.13528336419 21.7917086283366 20.7668793996175 18.8429726494683 18.4733041127523 18.5947558085124 18.2514784071181 17.5370917850071 16.5128972795275 15.6050273047553 15.0604203542074 15.3675824271308 18.3669819302029 18.6558494567871 16.2915848626031 13.484781159295 10.9868155585395 9.82856771681044 8.92175806893243 8.4463455941942 7.98147349887424 7.80365774366591 7.69091542561849 6.66266006893582 5.81640884611342 4.66776363054911 4.64558731185065 7.58264758851793 19.483285162184 40.539211485121 67.7745458814833 101.378907945421 114.355423821343 118.309499104818 138.492409600152 162.994823879666 174.288343641493 108.499899970161 61.4243651496039 28.9474269019233 14.1570178137885 7.0286291440328 2.53524676561356
51.0537596808539 54.6547003851996 63.2111078898112 67.4901767306858 68.6749013264974 68.4527973598904 65.2361022101508 61.5340860154894 56.4097273084852 48.4530512491862 42.4067980448405 34.9146898057726 28.9912139044868 27.0689381493462 24.9066641065809 23.4423247443305 22.3549669053819 20.8789522382948 19.4090743594699 18.6253297593858 17.6372723049588 15.6434524324205 14.6733945210775 14.5399108462863 14.9102291531033 16.7550202475654 15.9243085649278 13.7141835954454 12.4768654505412 10.688170115153 9.00629700554742 8.23427004284329 7.64799912770589 7.55898396174113 8.39827383889092 8.37818246417575 6.58870697021484 5.57523245281643 4.5501459174686 3.55204481548733 4.30695785416497 9.3027925491333 25.5859461360508 47.2455929650201 68.6900151570638 85.9462059868707 97.3254631890191 112.939258999295 144.46087053087 94.6696506076389 53.2216084798177 24.0436520046658 10.5994744830661 3.47664804301328 0.448247987776995
54.0532616509332 64.1151741875542 70.7483122083876 75.1518741183811 78.3861202663845 79.0628797743056 78.5618506537543 74.8140190972222 69.4327061971029 64.0972900390625 57.6921980116102 48.5988388061523 37.9540668063694 34.1949475606283 32.8826766543918 30.8345936669244 29.1915821499295 25.6369086371528 22.7731465233697 20.0122716691759 18.5940036773682 16.1654867596096 14.6582872602675 14.1033338970608 14.0265954335531 15.4517730077108 15.4275065528022 13.9828742345174 11.7780550850762 11.5127243465847 9.49785465664334 8.46823724110921 7.7584482298957 7.70577245288425 8.17998096677992 7.67240858078003 6.89839145872328 5.80583471722073 5.805838531918 4.55294795831044 2.31420220269097 2.94983186986711 5.54390814569261 9.69207376903958 18.3625293307834 34.0118344624837 49.7823933495416 56.0556911892361 62.5575002034505 55.4652960035536 32.6118106842041 15.1161040200127 6.05690259072516 -0.12336064192156 -9999
57.1927180820041 66.2512817382812 74.2348641289605 81.1851043701172 87.7731747097439 93.9832153320312 95.2537239922417 90.9697765774197 84.9203457302517 78.4515533447266 73.2737723456489 64.4827673170302 50.4228536817763 43.1915139092339 44.3558858235677 41.5136303371853 37.2640135023329 32.3269644843207 26.8177757263184 22.8018224504259 20.4598765903049 18.2567967308892 15.2494315041436 14.564858118693 14.1342662175496 14.4119457668728 15.2758420308431 14.5865310033162 12.8136293623183 11.3029673894246 10.8932140138414 8.98417096667819 7.46118428972032 7.51903602812025 7.60472657945421 6.87697331110636 5.16268396377563 4.85224866867065 4.85497034920586 5.08857213126289 4.87022622426351 3.85205523173014 3.54758578538895 3.69960129261017 1.72378064479147 4.04282963275909 9.81772470474243 11.2738341774259 13.6590811676449 12.0451645056407 7.31582816441854 4.39051666607459 1.8841327826182 -9999 -9999
57.3126017252604 66.6524942186144 76.4282938639323 86.6528396606445 98.1918724907769 119.332876417372 130.412239922418 122.71645948622 108.019840664334 95.3319778442383 85.7065082126194 78.7423180474175 68.5024617513021 60.3552063835992 58.9495141771105 53.754209306505 48.1167538960775 41.573051876492 34.8768378363715 29.2821318308512 25.1310541364882 23.5117706722683 18.6743454403347 16.0032733281453 14.7697636286418 13.7757793002658 14.705484814114 14.5954060024685 13.7996475431654 12.414835717943 10.5173391766018 9.59879642062717 7.53067138459947 6.65393580330743 6.11064031389024 5.48648659388224 4.76809204949273 4.27167929543389 4.43456670973036 4.23793122503493 3.77401296297709 3.76119150055779 4.68594155046675 1.03896857301394 -9999 -9999 -9999 -9999 -9999 -9999 -9999 -9999 -9999 -9999 -9999
60.980904897054 67.4594841003418 80.6534856160482 93.5764906141493 106.056931389703 127.353958129883 149.834528605143 161.86634487576 154.119832356771 127.893345303006 107.975640190972 95.5854271782769 87.107918633355 80.5234010484483 74.4145431518555 67.0826293097602 59.7513381110297 50.6743392944336 40.8749987284342 35.4987074534098 30.2125335269504 25.3626566992866 22.8325901031494 19.2133678860135 17.0020549562242 14.0318478478326 14.080102496677 14.7920863893297 13.1940533320109 13.074099222819 11.1956296496921 10.0038670433892 7.44461101955838 6.08179622226291 5.54740052753025 4.68948237101237 4.16192232237922 4.01172155804104 4.16326732105679 3.68949543105231 3.46653842926025 4.27681395742628 3.04380308588346 -9999 -9999 -9999 -9999 -9999 -9999 -9999 -9999 -9999 -9999 -9999 -9999
65.5789697435167 70.8130315144857 80.3625369601779 103.167637295193 112.967752244737 130.067646450467 152.354298909505 171.68305460612 183.274078369141 170.609546237522 147.458134969076 126.624772813585 112.051567925347 100.561398824056 92.9780086941189 84.215588039822 74.1278949313694 64.0842793782552 50.9377174377441 41.1993891398112 35.2831196255154 29.7346810234918 25.0512218475342 20.0832110510932 18.1957386864556 16.8425419065687 13.6435487535265 14.483325958252 13.479378912184 11.4549838172065 10.4841909408569 8.5888491206699 7.74362664752536 7.19170003467136 5.36530664232042 4.1972549756368 3.72248215145535 3.81731968455844 3.85720162921482 3.16813209321764 3.45249795913696 3.18875493605932 -9999 -9999 -9999 -9999 -9999 -9999 -9999 -9999 -9999 -9999 -9999 -9999 -9999
74.5031255086263 76.7552507188585 83.2001741197374 104.805060492622 123.109575907389 132.843347337511 156.625649346246 181.533089531793 200.159632364909 202.139133029514 188.302737765842 170.040525648329 156.316070556641 142.274197048611 125.801771375868 112.950417412652 95.6481458875868 79.5221133761936 61.5191290113661 48.1609272427029 41.6068496704102 34.7563654581706 29.2008160485162 24.0363118913439 19.9746449788411 18.4134307437473 14.9467602835761 14.824131541782 13.9755067825317 12.3370560540093 9.9161917368571 8.62736119164361 8.05844804975722 10.9548762639364 6.33115911483765 4.41480199495951 3.7052489651574 3.58406413926019 3.09603243403965 3.6790066825019 3.06340369156429 -9999 -9999 -9999 -9999 -9999 -9999 -9999 -9999 -9999 -9999 -9999 -9999 -9999 -9999
84.5003645155165 87.1607403225369 92.3081487019857 107.338864644368 137.92408074273 143.946299235026 158.307434082031 188.469365437826 209.896106296115 220.501220703125 227.065402560764 221.727086385091 204.663118150499 183.065619574653 173.26244269477 162.520160251194 133.238456726074 96.8807254367404 74.1443718804253 65.1962411668566 53.1587202284071 42.7131741841634 34.9927552541097 29.6165495978461 25.5049109988742 21.166349834866 18.2209899690416 16.8209984037611 15.8834988276164 14.1430955462986 10.8761672973633 8.87506665123833 7.57478835847643 11.6287529203627 10.5712799496121 5.01781378851997 3.99696887864007 3.24790559874641 3.67969883812798 4.18198609352112 -0.0742144733667374 -9999 -9999 -9999 -9999 -9999 -9999 -9999 -9999 -9999 -9999 -9999 -9999 -9999 -9999
92.8830524020725 98.878057691786 108.528831481934 121.785170661079 146.169252183702 167.366349962023 164.350014580621 175.91662258572 202.35976155599 217.71800910102 231.797795613607 243.063907199436 241.907502916124 220.214413113064 208.493396335178 192.883751763238 167.486628214518 123.157762315538 102.906954447428 88.1160125732422 73.1982231140137 59.7966202629937 46.3495530022515 36.0161247253418 30.8829010857476 26.3553104400635 22.533196343316 20.3444650438097 18.4362451765272 15.1732521057129 12.4071519639757 9.50761646694607 7.70590289433797 8.76154889000787 12.7914830313789 6.15964349110921 3.59395008616977 3.27765565448337 4.43690697352091 1.59972970560193 -9999 -9999 -9999 -9999 -9999 -9999 -9999 -9999 -9999 -9999 -9999 -9999 -9999 -9999 -9999
104.286256578234 109.9021419949 120.230311923557 134.853018018934 165.27495320638 187.725441826714 185.293921576606 178.161500718858 185.945478651259 204.292512681749 220.070955064562 232.92101711697 245.94630601671 245.228564792209 233.688164605035 221.20836215549 194.315751817491 163.657975938585 145.114206102159 124.084895663791 99.6952667236328 80.3034727308485 68.55931769477 54.7651490105523 41.600713941786 33.5340802934435 28.1562054951986 23.7765206231011 19.4020707872179 16.662143919203 12.7046413421631 9.90942668914795 7.42287762959798 5.81940624448988 9.17848640018039 6.13272235128615 3.8845411406623 3.63974422878689 3.72764259576797 -9999 -9999 -9999 -9999 -9999 -9999 -9999 -9999 -9999 -9999 -9999 -9999 -9999 -9999 -9999 -9999
116.137369791667 129.110062493218 139.394371880425 148.381618923611 175.78473578559 198.488193088108 206.998725043403 199.945215861003 191.133356730143 205.130160861545 220.501124064128 229.379345364041 241.335998535156 254.415785047743 262.193722195095 263.519092135959 243.43669128418 216.894554985894 196.721957736545 170.068162706163 137.445503234863 115.518942938911 95.0778215196398 76.2660056220161 57.7175771925184 42.6789097256131 36.5896771748861 29.5972069634332 23.8039908938938 19.564900080363 14.4107218848334 10.3887496524387 7.1647170914544 5.01300647523668 4.61064844661289 4.38619131512112 4.21865158610874 2.83477138810688 -0.538613677024841 -9999 -9999 -9999 -9999 -9999 -9999 -9999 -9999 -9999 -9999 -9999 -9999 -9999 -9999 -9999 -9999
118.676386515299 136.986543443468 158.509033203125 165.405993991428 186.988396538628 216.815107557509 221.378948635525 227.591796875 201.947813245985 205.963911268446 218.285186767578 230.305185953776 243.583880954319 255.504808213976 269.00296359592 291.339572482639 284.035203721788 260.266479492188 240.86262512207 209.575944688585 176.279256184896 159.473776923286 134.276942782932 99.0316840277778 76.5189179314507 60.5379880269368 56.7792197333442 45.8702769809299 34.2074059380425 26.5208023919 18.5633948644002 12.300391515096 7.56357839372423 5.35127258300781 3.8241884443495 4.33214320076836 4.15641800562541 3.06264605124791 -9999 -9999 -9999 -9999 -9999 -9999 -9999 -9999 -9999 -9999 -9999 -9999 -9999 -9999 -9999 -9999 -9999
114.574862162272 132.348013983832 157.207665337457 174.381535847982 193.332526312934 215.51160007053 222.119198269314 218.464463975694 207.804733276367 205.221615261502 211.788884480794 225.309343126085 241.557120429145 255.266715155707 265.044172498915 276.045711941189 290.40323554145 292.349884033203 271.480950249566 255.065372043186 222.060094197591 187.191431681315 155.528301662869 130.622927347819 100.116314358181 81.7430250379774 78.130015903049 69.181772020128 55.3478160434299 42.4504186842177 32.2698207431369 17.3982623418172 10.7777081595527 7.96382692125108 4.82244745890299 4.00400487581889 3.66123421986898 1.82448402047157 -9999 -9999 -9999 -9999 -9999 -9999 -9999 -9999 -9999 -9999 -9999 -9999 -9999 -9999 -9999 -9999 -9999
108.537994384766 127.911969502767 144.371524386936 164.019819471571 181.781055026584 195.277233547635 202.792416042752 206.926969740126 205.693661159939 204.10232035319 206.738260904948 211.467966715495 229.436353895399 245.727511935764 254.53463406033 260.553468492296 272.82612101237 282.312394883898 281.367112901476 272.565992567274 243.510128445095 215.125771416558 192.494077894423 160.326950073242 135.533441331651 122.501302931044 112.396728515625 93.1664199829102 76.3531816270616 62.3652335272895 49.14025455051 30.9509003957113 16.5771380530463 12.0279915067885 7.15991740756565 4.54898243480258 3.41879505581326 0.906760029494762 -9999 -9999 -9999 -9999 -9999 -9999 -9999 -9999 -9999 -9999 -9999 -9999 -9999 -9999 -9999 -9999 -9999
