data/cape_peninsula/rasters90/elevation.asc
NCOLS 225 
NROWS 643 
XLLCORNER 249990 
YLLCORNER 6189390 
CELLSIZE 90 
NODATA_value -9999 
[rows 240 to 263 of 643, columns 110 to 164 of 225]
480.370385064019 477.79645453559 474.776526557075 475.8052605523 490.724124484592 497.295111762153 481.342851426866 462.548088921441 453.609107123481 445.311757405599 438.694708930122 432.045091417101 418.78372531467 398.67086452908 372.200476752387 354.779930962457 353.086473253038 349.425964355469 345.567925347222 341.87301296658 351.204837375217 358.186299641927 313.071506076389 270.277243720161 239.770751953125 202.455683390299 171.030519273546 145.87536960178 128.893692864312 118.96799299452 112.073289659288 109.152693854438 107.717390272352 102.263788859049 102.208402845595 98.4998847113715 91.8866407606337 81.7366188897027 73.0895470513238 67.3208660549588 65.4507548014323 63.017943488227 60.6851861741808 57.1676453484429 53.4819344414605 49.8210241529677 44.8904207017687 40.6155590481228 37.2075848049588 33.0597599877252 29.2740514543321 25.5738400353326 21.3180160522461 19.086647245619 15.5996134016249
472.252936469184 468.186859130859 467.34071858724 460.385599772135 460.253913031684 470.104437934028 466.829874674479 460.288435194227 453.108269585503 446.570980495877 442.044772677951 440.796634250217 439.935350206163 418.479451497396 400.928697374132 369.977227105035 341.643374972873 338.451317681207 338.681945800781 336.118106418186 335.38084242079 336.751274956597 333.473249647352 312.25575764974 279.199607001411 237.819505479601 203.273974948459 182.636427137587 163.976437038845 145.365921020508 135.414916992188 127.066208733453 128.131714714898 123.778479682075 118.863017612033 114.864540100098 104.445157368978 91.708369784885 79.4733250935872 77.0035578409831 75.5501463148329 69.5104005601671 65.5022845798069 62.8350207010905 58.7433764139811 54.0238371955024 48.3611170450846 42.1413548787435 40.6471129523383 38.4334534539117 32.1670932769775 27.7684737311469 24.1431244744195 21.2346471150716 18.2304399278429
465.523752848307 460.263027615017 455.248291015625 451.111996120877 447.334676106771 443.682959662543 443.264584011502 444.974073621962 444.748436821832 440.091874864366 436.207278781467 436.970353868273 439.516598171658 430.079352484809 413.981723361545 401.074768066406 366.200629340278 334.995347764757 326.576934814453 325.932271321615 327.107116699219 325.455257839627 324.448906792535 319.489752875434 300.036665174696 268.114941067166 242.843022664388 224.213202582465 207.402342054579 187.811664157444 173.287567138672 156.971360948351 154.007168240017 146.030688815647 147.515121459961 139.354163275825 123.617526584201 105.997045728895 89.463389078776 90.5091078016493 89.8509318033854 83.838737487793 74.6976369222005 70.2126541137695 68.420657687717 62.8670883178711 54.6840714348687 45.7340172661675 44.8029840257433 45.9578467475043 41.9166912502713 31.7489488389757 27.289848751492 23.2542440626356 20.7536661359999
461.504669189453 450.275705973307 443.935401068793 443.705990261502 438.978451199002 435.152889675564 432.975379096137 430.772087944878 432.20253499349 431.970486111111 427.784817165799 426.256259494358 430.809292263455 427.077518039279 419.135667588976 402.83494398329 390.373358832465 363.548031277127 327.877956814236 319.055199517144 320.790174696181 321.50686984592 320.552124023438 317.584713406033 306.913777669271 295.879401312934 291.972056070964 279.679592556424 257.849382188585 240.560743543837 222.595218234592 207.57629055447 196.368077596029 178.435629950629 183.771991305881 171.46637641059 147.805492824978 119.97294192844 104.325954861111 103.693245781793 102.251246982151 95.4037263658312 88.2259555392795 90.0334159003364 87.1461418999566 77.5759455362956 66.5417870415582 58.2070524427626 58.6023852030436 59.0012889438205 56.7483105129666 48.7128236558702 31.7174349890815 26.9740354749891 22.5189384884304
464.928500705295 443.223910861545 430.997033013238 435.95937093099 434.595479329427 423.517608642578 422.826097276476 419.92096625434 419.205430772569 420.063869900174 418.126834445529 415.793833414714 415.773379855686 410.016798231337 406.993099636502 408.142401801215 379.105360243056 359.796379937066 343.260399712457 322.200612386068 313.37358601888 315.094790988498 315.577901204427 315.258256700304 312.331563313802 307.56408352322 304.820326063368 301.251224093967 288.196417914497 279.705820719401 266.422103881836 255.447884453668 244.717174953885 232.692353990343 231.53630065918 210.385660807292 173.474672105577 136.683436923557 121.804404364692 124.187328762478 118.464922587077 113.197109646267 107.743421766493 108.727431403266 101.404403686523 88.7162882486979 77.5601628621419 75.81761847602 74.4104419284397 74.996337890625 67.0762163798014 61.4412121242947 45.4453540378147 33.8787390391032 26.6075299580892
472.5990363227 451.035797119141 425.60215250651 416.31064860026 416.467146131727 410.969000922309 404.078687879774 405.812381320529 407.572089301215 408.244927300347 407.137946234809 403.092071533203 396.054985894097 392.393510606554 390.299479166667 387.897779676649 379.673058403863 347.185129801432 333.051272922092 325.140584309896 311.207787407769 307.297353108724 308.938164605035 310.830420600043 311.003265380859 310.322730170356 307.538197835286 303.259704589844 296.049062093099 290.092291937934 283.885569254557 279.501122368707 275.211669921875 271.515530056424 271.867638481988 240.369644165039 194.334374321832 165.707260131836 157.715994940864 150.293275621202 140.174540201823 133.995799594455 127.6056705051 125.119910346137 125.357516818576 107.350820753309 100.093916151259 103.021872626411 96.9385613335503 96.4655329386393 86.2395926581489 75.8844189114041 62.7089979383681 47.0403260125054 36.8523228963216
475.705440945095 462.666361490885 438.090053982205 413.825442843967 400.035427517361 395.987786187066 392.304392496745 389.838456895616 391.231048583984 394.029659695095 394.998335096571 387.953789605035 380.679406060113 374.703087700738 372.205081515842 362.153106689453 356.703531901042 346.7670050727 329.991536458333 319.534834120009 310.399353027344 303.337158203125 303.749922010634 305.901784261068 308.188354492188 309.465121799045 308.782891167535 306.254977756076 302.55707804362 297.919776068793 292.535013834635 286.926584879557 282.946489122179 278.663258870443 273.855834960938 260.482125176324 227.299102783203 209.553449842665 193.247801038954 181.987155490451 174.41791788737 166.649449666341 153.780712551541 142.051761203342 144.865495469835 129.932754516602 125.580211215549 126.018080817329 121.533243815104 115.919540405273 110.068379720052 100.944888644748 89.235829671224 76.1573630438911 60.8883408440484
467.219041612413 462.764672173394 444.362335205078 420.809607611762 404.548478868273 392.136912027995 384.27692328559 377.422505696615 377.275217692057 377.410786946615 378.26707288954 375.022945827908 364.878814697266 357.887335883247 353.463521321615 345.648400200738 341.641730414497 339.781005859375 332.51220703125 316.856190999349 305.130021837023 298.408610026042 298.689158121745 301.176978217231 304.128516303168 307.02111477322 308.625366210938 308.582858615451 307.50495062934 305.024607340495 301.689866807726 296.799757215712 290.860395643446 287.321116129557 280.928243001302 272.153205023872 262.908518473307 247.846815321181 229.867758856879 221.23605855306 214.811121622721 206.222802056207 191.394483778212 169.952870686849 159.694140964084 158.112397935655 148.36286078559 147.214131673177 143.117090861003 136.195108201769 134.289486355252 130.938310411241 123.671780056424 110.412374708388 94.5200627644857
454.171122233073 445.01525539822 432.153143988715 417.03411187066 405.106814914279 396.362898084852 383.99264187283 373.397260877821 360.782891167535 357.546617296007 362.361056857639 362.658667670356 355.550567626953 343.943691677517 334.381181504991 329.050988091363 326.088717990451 325.139739990234 325.678175184462 315.623318142361 300.816724989149 293.054829915365 293.063598632812 295.599273681641 298.411458333333 302.419440375434 305.919626871745 308.864844428168 310.403649224175 310.716861300998 309.652177598741 307.875498453776 304.686676025391 301.882575141059 296.674546983507 290.543952094184 285.380615234375 279.608479817708 274.272939046224 265.942696465386 260.090270996094 252.935165405273 240.391342163086 241.496519300673 231.21991136339 205.756976657444 191.915898640951 180.466735839844 183.734010484483 182.415245903863 180.073728773329 174.213896009657 163.672476874457 151.037053426107 135.882816738553
435.250932481554 416.92490641276 407.952545166016 403.393747965495 393.944508870443 385.507585313585 376.525465223524 365.316050211589 353.156958685981 344.280588785807 343.516984727648 343.291059705946 340.946533203125 332.415744357639 318.086636013455 313.049516465929 309.753848605686 303.388939751519 303.805823432075 301.898169623481 296.202209472656 286.184444851345 286.674360487196 288.09526570638 291.712785508898 296.136654324002 301.439815945095 307.330108642578 313.041466606988 317.36905585395 317.818210177951 316.723771837023 314.919701470269 318.531049940321 332.481994628906 328.787051730686 323.193450927734 321.105217827691 318.769405788845 315.106519911024 312.814775254991 332.303371853299 337.490227593316 323.311865912543 329.828745524089 283.211393568251 251.777535332574 261.198170979818 280.116997612847 244.990325927734 241.965705023872 235.659496731228 219.90241156684 196.296315511068 173.805999755859
439.557508680556 405.386569552951 382.131893581814 376.280053032769 379.145633273654 376.364064534505 367.534193250868 353.740732828776 342.22371758355 333.374925401476 326.247212727865 322.973490397135 319.838721381293 309.446048312717 302.550567626953 300.578993055556 297.438890245226 291.011043972439 286.904307047526 286.871782090929 284.055460611979 281.944298638238 279.337215847439 280.818549262153 284.728739420573 289.524169921875 295.907674153646 304.89997016059 320.658738878038 332.888346354167 334.012752956814 329.013231065538 325.781229654948 335.50446234809 356.828813340929 374.122385660807 385.172658284505 384.369615342882 371.435546875 376.273749457465 403.627872043186 410.215515136719 420.694732666016 406.280364990234 377.053924560547 339.640502929688 323.340955946181 322.802863226997 364.247253417969 365.799031575521 326.896396213108 294.431894938151 269.653861151801 241.422217475043 217.698827107747
454.877760145399 417.045216878255 383.447394476997 364.970920138889 357.53956773546 356.376088460286 369.034854465061 370.477644178602 364.195929633247 349.804484049479 336.052897135417 326.380828857422 317.432390001085 304.246788872613 296.575341118707 293.576924641927 290.590830485026 286.949930826823 282.044691297743 276.964528401693 273.540530734592 272.689798990885 270.1669921875 273.382758246528 279.688307020399 284.040334065755 291.03616672092 305.216776529948 340.431891547309 382.063907199436 384.404164632161 361.433881971571 345.990264892578 356.585249159071 388.489213731554 417.43069797092 439.343234592014 444.567593044705 441.298119439019 474.472022162543 494.218054877387 492.412038167318 486.498548719618 469.027513292101 436.603359646267 390.67834133572 366.143595377604 367.677669949002 404.519768608941 455.115278455946 422.548800998264 365.06549750434 317.839250352648 287.834811740451 264.840623643663
423.180165608724 408.176120334201 389.149074978299 364.511966281467 351.451873779297 344.41593085395 342.818389892578 354.851355658637 373.519005669488 368.956190321181 360.580078125 343.632385253906 330.430365668403 315.619540744358 303.729190402561 298.514292399089 293.485629611545 288.829413519965 282.86727227105 275.870127360026 269.980706108941 264.754906548394 264.158315022786 268.80515882704 274.518632676866 278.780700683594 286.901597764757 302.896202935113 340.019307454427 402.129516601562 431.451551649306 412.742635091146 390.404100206163 393.72903781467 419.433803982205 457.162119547526 480.397243923611 489.439748128255 503.611440022786 525.607482910156 529.438754611545 518.768683539496 500.901668972439 491.278869628906 479.117702907986 449.908820258247 409.402621799045 391.574479844835 407.783915201823 451.391309950087 489.296647813585 440.740871853299 369.822445339627 334.773474799262 318.847171359592
393.374749077691 385.429504394531 374.420227050781 362.255242241753 349.099080403646 336.527506510417 329.440270317925 329.349561903212 341.355088975694 361.308068169488 371.730319552951 361.703932020399 341.754998101128 326.485321044922 318.084225124783 310.806189643012 302.806769476997 295.853257921007 288.125230577257 278.324737548828 271.295657687717 263.147026909722 259.774566650391 263.470879448785 268.0697394477 273.023817274306 280.671298556858 293.109602186415 318.277733696832 355.03358968099 406.556115044488 433.732598198785 434.736846923828 420.650014241536 437.624955919054 463.747846815321 477.874610053168 496.054087320964 511.398915608724 524.344516330295 522.89885796441 509.070309109158 492.549699571398 484.196543375651 485.163255479601 478.722103542752 457.6070183648 432.743523491753 415.539574517144 425.659912109375 461.172509087457 486.224202473958 432.508677164714 386.143124050564 392.189147949219
376.615292019314 365.187967936198 355.824273003472 349.654290093316 342.431820339627 330.984012179904 320.292212592231 315.951785617404 316.654758029514 325.165622287326 337.031555175781 343.544477674696 346.169633653429 337.839124891493 334.956502278646 330.336157904731 319.294114854601 306.969980875651 296.3505859375 285.862189398872 275.88956366645 266.604305691189 257.219022962782 256.89885796441 260.749131944444 266.023769802517 273.25927734375 282.351009792752 300.4252081977 323.796067979601 354.07570054796 399.45608859592 439.896694607205 442.087683783637 442.053575303819 457.038123236762 469.827494303385 496.963117811415 510.825975206163 511.985931396484 507.170030381944 497.185923258464 481.917436387804 475.149193657769 474.647732204861 478.335591634115 478.59950764974 477.898810492622 451.521274142795 431.194797092014 435.056104871962 457.276784261068 461.318417019314 437.953772650825 431.465342203776
400.206719292535 384.366441514757 367.645955403646 353.225104437934 341.484141031901 330.004743787977 319.81842719184 312.29537624783 305.508433024089 301.773952907986 305.677469889323 313.787712944878 320.140319824219 331.542416042752 348.841037326389 355.645667182075 359.282019721137 347.612955729167 322.136539035373 298.83290608724 283.569000244141 272.668145073785 264.405687120226 248.537290785048 249.683915879991 256.380698310004 264.301079644097 272.161010742188 284.6851433648 300.238138834635 323.651034884983 354.746561686198 396.502817789714 414.676625569661 433.957817925347 450.01023695204 464.657874213325 492.81016031901 507.616933186849 502.148746066623 492.001573350694 482.491268581814 474.578148735894 467.962422688802 466.879228379991 471.92290242513 483.978780110677 490.242129855686 461.669996473524 439.999199761285 430.162746853299 430.51813422309 436.238569471571 435.670623779297 415.681789822049
416.119211832682 405.931474473741 389.426293267144 372.118398030599 357.246843126085 346.187889946832 328.384568956163 316.865997314453 305.932902018229 295.823187934028 287.016689724392 290.077596028646 297.567253960503 310.605695936415 329.457580566406 360.408199734158 389.290747748481 389.831356472439 359.503763834635 329.581637912326 300.873199462891 282.871999104818 271.967878553602 258.577180650499 238.884457058377 242.911817762587 255.405854966905 265.016747368707 270.751600477431 280.765997992622 299.759711371528 327.428514268663 375.681043836806 391.153564453125 400.888553195529 426.570081922743 448.382883707682 469.380981445312 493.372789171007 491.766323513455 477.788302951389 469.093058268229 466.908203125 459.038679334852 460.393988715278 461.560618082682 471.477281358507 469.587683783637 449.464643690321 436.643680148654 429.69327460395 425.225748697917 423.238939073351 424.168643527561 414.607764350043
390.811872694227 392.140038384332 394.198323567708 387.274502224392 380.764017740885 366.582207573785 345.695936414931 323.712229410807 309.272922092014 297.182942708333 287.316477457682 277.051086425781 279.723008897569 288.740902370877 300.850575764974 315.94184366862 330.945858425564 345.178361680773 354.147067599826 336.868730333116 314.721957736545 294.117753770616 278.653937445747 267.487613254123 247.336505466037 231.421181572808 243.53695848253 257.668292575412 262.275309244792 268.978417290582 286.194932725694 329.006551106771 352.241811116536 376.698086208767 383.016523573134 398.650048149957 420.695336235894 442.851013183594 465.41737874349 473.902601453993 467.220062255859 452.458048502604 451.021345350477 448.031039767795 448.190772162543 450.351955837674 452.828474256727 448.5542839898 439.928493923611 434.480811225043 429.786933051215 424.322774251302 420.015079074436 419.154554578993 418.409237331814
394.391160753038 372.310831705729 355.549509684245 357.271341959635 367.569288465712 376.986738416884 367.011800130208 335.366255018446 309.134436713325 295.062184651693 286.903123643663 276.232465955946 269.327572292752 270.830501980252 277.412848578559 284.6630859375 290.253255208333 291.437825520833 296.759233262804 300.355407714844 306.203979492188 304.284389919705 287.724904378255 270.293023003472 256.105155097114 240.504199557834 224.283972846137 240.37756008572 251.365063137478 258.475869072808 280.702789306641 314.431833902995 330.092709011502 337.824815538194 356.158409966363 374.580959743924 384.903957790799 393.947397867839 416.797281901042 440.973351372613 441.941789415148 433.822842068142 432.638366699219 435.633388943142 438.306047227648 442.357469346788 445.460995144314 451.314120822483 443.61967976888 434.941558837891 428.818206787109 425.116461859809 420.068844265408 416.008161756727 415.918504503038
360.520141601562 370.657070583767 351.450368245443 331.95615641276 326.524831136068 327.997389051649 335.254818386502 324.191121419271 303.722686767578 289.44229804145 281.404961480035 274.318810356988 268.767300075955 264.768252902561 263.007758246528 264.865868462457 265.638017442491 263.394819471571 255.679190741645 260.28407796224 272.168156941732 279.790557861328 275.99358452691 267.423977322049 252.964089287652 242.667861938477 226.305324978299 213.389856974284 237.161100599501 244.379618326823 265.199486626519 282.145755343967 291.720872667101 299.410970052083 308.872409396701 320.289903428819 330.417717827691 341.186577690972 357.896674262153 381.389350043403 398.764533148872 412.601959228516 418.450551350911 424.144310845269 426.973832872179 429.369822184245 437.749725341797 441.884195963542 443.291202121311 435.272389729818 425.821604410807 420.559441460503 416.895653618707 414.990519205729 414.168538411458
312.242173936632 322.657162136502 331.804951985677 326.237674289279 308.698591444227 291.689866807726 286.145779079861 288.231333414714 280.73636203342 276.844689263238 278.841501871745 277.025085449219 264.514756944444 261.324954562717 256.05254957411 251.767347547743 250.750257703993 247.360054863824 246.583986070421 237.766813490126 238.781989203559 246.844202677409 250.463066948785 247.850697835286 240.319090101454 224.758739895291 212.716927422418 195.19655863444 204.497063530816 225.822757297092 242.06581624349 247.93490770128 254.367094251845 275.564714219835 285.827311197917 293.923068576389 301.366065131293 310.745775010851 331.099273681641 354.897640652127 375.2300652398 391.336581759983 400.579383002387 407.06061469184 412.250640869141 413.599202473958 425.420094807943 435.303816053602 430.289228651259 426.928955078125 419.671902126736 414.117947048611 412.210459391276 411.742950439453 411.343092176649
273.252970377604 283.974321153429 291.044358995226 301.777238633898 304.577612982856 283.049336751302 260.769232855903 253.363021850586 247.386481391059 248.467380099826 257.389885796441 261.290234035916 253.662229749891 251.245162963867 246.001225789388 231.88530476888 227.530971950955 229.907801310221 226.384677463108 224.33041551378 221.02773030599 215.581264919705 219.150268554688 219.629391140408 215.157745361328 203.719899495443 195.891165839301 197.456649780273 180.471079508464 186.413903130425 191.267569647895 203.843573676215 239.302671644423 265.130859375 275.846391465929 284.068383110894 291.823038736979 300.034966362847 312.964402940538 329.632568359375 349.238311767578 366.823035346137 380.718529595269 389.316260443793 396.45512898763 397.844740125868 406.807484944661 415.706532796224 414.298926459418 414.488755967882 411.482177734375 410.587544759115 408.45657687717 407.590908474392 408.98915608724
241.31504313151 252.720031738281 260.56115383572 268.638973659939 283.206478542752 282.26468234592 261.304606119792 239.741587320964 222.73314581977 218.662743462457 222.543767293294 220.017439100477 221.587573581272 223.592354668511 223.406784057617 213.568127102322 201.629318237305 205.147284613715 207.097137451172 209.92658996582 207.468361748589 207.431062486437 198.862294514974 195.069615681966 191.843933105469 181.08184644911 179.234895494249 181.339691162109 173.798195732964 169.941226535373 197.334942287869 221.922775268555 246.951151529948 270.714864095052 283.169447157118 294.118343777127 296.539489746094 298.864227294922 301.984018961589 312.37348429362 329.31889851888 346.359310574002 360.076866997613 368.699469672309 382.3980339898 384.614752875434 390.025990804036 395.421529134115 399.879716661241 404.331875271267 404.811984592014 405.827589246962 405.065121120877 404.930918375651 408.500823974609
215.620274861654 224.919309828016 235.135335286458 243.321414523655 254.855353461372 262.691916571723 257.587578667535 241.462151421441 223.323667738173 206.10327996148 187.360861884223 173.221250745985 168.479114108615 177.872689141168 185.272652520074 186.470019870334 175.500700208876 170.868340386285 176.012181599935 182.331768459744 189.875479804145 193.954711914062 184.354478624132 169.006817287869 157.73927476671 157.164593166775 165.705089992947 170.375610351562 168.470060560438 162.866402520074 198.248196072049 237.446336534288 256.37503390842 279.469309488932 311.409664577908 334.227420383029 327.215511745877 319.172319200304 312.077294243707 307.432908799913 315.853519015842 328.538299560547 340.117848714193 349.691999647352 363.304351806641 371.926198323568 377.154391818576 384.338033040365 391.016835530599 396.246795654297 397.822743733724 398.535064697266 399.201080322266 402.596411810981 407.738715277778
