data/cape_peninsula/rasters90/elevation.asc
NCOLS 225 
NROWS 643 
XLLCORNER 249990 
YLLCORNER 6189390 
CELLSIZE 90 
NODATA_value -9999 
[rows 168 to 191 of 643, columns 110 to 164 of 225]
546.797865125868 538.935458713108 528.493306477865 493.964202880859 416.825032552083 360.713982476128 321.452195909288 275.715169270833 245.356533474392 232.964989556207 231.064273410373 243.018524169922 238.400232950846 233.900533040365 225.962949964735 208.784574720595 191.973831176758 181.447007921007 167.459515041775 150.415154351128 132.770971510145 117.221876356337 102.482788085938 89.6094665527344 79.4751001993815 71.5798619588216 64.9673771328396 60.7654270595974 61.8938318888346 61.8609174092611 56.8335800170898 52.4296968248155 52.4726227654351 53.2403742472331 50.5321006774902 48.3374002244737 49.9278844197591 49.2699936760796 47.0362031724718 44.4737849765354 47.277030520969 55.2265476650662 61.0547570122613 62.3754399617513 61.9625918070475 60.2769207424588 59.2922473483615 58.1532474093967 57.0294206407335 56.020989312066 52.4328083462185 54.1980323791504 52.0331628587511 47.9926105075412 45.5801222059462
549.190402560764 542.004808213976 526.094994439019 484.151807996962 393.011966281467 322.594919840495 287.634477403429 263.798594156901 230.834625244141 208.699476453993 199.700873480903 198.116010877821 194.616797553168 195.418538411458 200.727416992188 190.307308620877 174.598515828451 167.658191257053 159.775582207574 141.47940741645 123.464604695638 108.152325100369 93.7063607109917 82.4610493977865 74.3285920884874 68.7281960381402 64.7326583862305 65.9678565131293 69.9171880086263 71.1851552327474 68.544674343533 60.846617380778 52.693354288737 47.8961266411675 47.5139986673991 45.9457728068034 45.6105605231391 46.0058381822374 46.0077760484483 44.6630664401584 45.3807576497396 54.7245546976725 61.2634925842285 62.4234127468533 61.8993962605794 60.3044344584147 59.3787392510308 58.297977871365 57.3143988715278 54.7228435940213 54.092470380995 54.8606067233615 52.8596318562825 48.982600318061 44.9115346272786
545.101311577691 535.989278157552 519.21243625217 463.898423936632 384.529374864366 323.450100368924 275.071660359701 245.320234510634 228.020706176758 218.014784071181 205.309380425347 188.291736178928 170.896969265408 160.67586602105 168.014885796441 168.344852023655 157.676806979709 147.318832397461 136.98964436849 123.443722195095 110.405821906196 98.7890972561306 85.9867757161458 76.9817555745443 71.3080232408312 68.8236846923828 69.1392093234592 71.7723965115017 75.7057520548503 77.1051313612196 76.1310518052843 70.7080307006836 61.0121722751194 51.4644919501411 48.3392028808594 47.1738009982639 46.2148980034722 43.7755474514431 43.2363781399197 44.7644199795193 43.3655111524794 51.5156377156575 58.3815655178494 61.3393940395779 60.7850218878852 60.1740527682834 59.0162451002333 57.9963319566515 56.9874632093641 53.0520409478082 55.4325519137912 54.9862586127387 52.8685336642795 48.553173912896 43.6585070292155
539.864203559028 516.579132080078 472.662838406033 430.297170003255 386.738427056207 342.545277913411 309.300160725911 279.258060031467 257.768241034614 243.606986151801 225.983001708984 203.909966362847 186.785276624891 165.72711859809 147.398551093207 147.665954589844 143.553224351671 135.523620605469 125.378761291504 114.464160495334 102.756087409125 94.0256237453884 85.8391172620985 78.4955334133572 74.6320266723633 74.2765172322591 75.0757887098524 77.5357733832465 79.0710584852431 78.5117730034722 77.3151355319553 74.2221459282769 68.9365420871311 63.1304965549045 57.7136925591363 53.3433252970378 49.7468185424805 46.1524242824978 41.9594713846842 41.7540715535482 41.0508287217882 47.9974547492133 55.7678752475315 59.3886260986328 59.8315891689724 59.4215414259169 58.3523415459527 57.3914862738715 56.2036599053277 54.2459318372938 55.3724992540148 54.65843878852 52.5533493889703 48.4632093641493 44.0033242967394
539.834526909722 495.090294731988 440.275607638889 373.179060194227 343.934773763021 313.170488145616 285.713202582465 285.549448649089 263.990544637044 238.738798353407 223.841108534071 209.358717176649 186.525461832682 160.995720757378 143.25146484375 134.581544664171 133.742447747125 127.201348198785 120.332396613227 111.940117730035 102.998767428928 96.6408827039931 90.80494011773 85.3317710028754 81.1598731146918 79.6032969156901 80.583624098036 81.2575903998481 79.9677742852105 78.1883417765299 76.7293285793728 74.9022394816081 71.8998981051975 67.5798000759549 63.5024753146701 59.745721605089 54.7443623012967 48.637082417806 43.118352678087 38.1120469835069 37.6083458794488 44.6144290500217 53.2934943305121 56.8771752251519 58.0353550381131 58.0019158257378 58.0726398891873 56.496039920383 53.4671287536621 54.9130376180013 54.4703004625108 53.5413619147407 51.6526124742296 48.2481659783257 44.430956946479
512.166046142578 464.58445570204 414.12750922309 344.95218234592 298.189171685113 274.287099202474 247.82672797309 248.209769354926 243.27954949273 216.916568332248 198.240844726562 185.826261732313 171.820015801324 155.386420355903 143.089260525174 132.505484686957 122.738804287381 116.448866102431 113.633576287164 110.05756717258 106.887716505263 101.690303378635 96.3198632134332 91.3219443427192 87.4586368136936 85.3653199937608 82.756711324056 78.736579047309 76.565663655599 76.0940144856771 75.2749625311957 73.9553968641493 71.638309902615 68.1943495008681 65.4043841891819 63.0690828959147 58.676335228814 51.7708490159776 45.0254071553548 40.3369568718804 37.1188439263238 39.5335884094238 48.6942604912652 52.6056175231934 55.0404201083713 56.5077150132921 57.22613313463 55.8208550347222 52.4269688924154 53.8420923021105 53.0183715820312 52.3216917249891 50.3286094665527 47.6164588928223 43.688107808431
458.821166992188 423.820248074002 378.992808024089 336.295054117839 273.514105902778 237.395270453559 217.474756876628 211.963175455729 228.168262057834 226.556896633572 207.140318128798 186.786488850911 168.985899183485 151.098407321506 149.073508368598 141.841283162435 127.962515936957 112.536231146918 106.148415459527 103.023081461589 99.4008780585395 96.9420004950629 95.3629718356662 93.6089672512478 90.7986577351888 85.8420757717556 79.7805955674913 74.190421210395 70.1851348876953 69.4086507161458 69.7282469007704 70.841921488444 69.3747550116645 66.3598522610135 63.9347059461806 61.9456702338325 59.3735275268555 54.371469285753 47.8410487704807 41.1953294542101 39.7521324157715 36.5794550577799 41.123656378852 47.222051832411 51.4571206834581 54.4877713521322 55.9474847581651 53.6410679287381 52.8648550245497 52.0740030076769 51.2265976799859 50.9012934366862 48.8350711398654 46.2613788180881 42.848334842258
406.626166449653 379.452321370443 346.89698961046 313.505398220486 287.149566650391 256.034069485135 231.06763543023 202.60501437717 196.145372178819 215.414747450087 203.809443155924 181.52360534668 146.508280436198 127.332462734646 118.47607421875 111.59777408176 103.894894070095 100.018500434028 98.1291241115994 97.9878082275391 93.4519763522678 88.3848554823134 85.0697360568576 86.551995171441 86.5222998725043 83.6873643663194 76.9445495605469 69.5495105319553 63.8931227789985 61.3423152499729 61.793876224094 64.8823619418674 66.5903761121962 64.541635301378 61.295891655816 59.2855389912923 57.4768074883355 55.452943166097 50.8256022135417 43.7608290778266 39.8512145148383 34.7538744608561 34.9587853749593 43.2847794426812 49.7100465562608 53.3064202202691 54.3563143412272 51.0977592468262 52.3008020189073 50.5558119879828 49.3390235900879 48.205677456326 46.887393951416 45.0751736958822 42.1798277960883
354.618638780382 325.643422444661 299.386498345269 276.560502794054 274.268700493707 260.347364637587 239.652323404948 215.455039130317 185.422300550673 183.177546183268 183.239217122396 174.925533718533 155.229170057509 132.001171535916 121.422462463379 115.331064012316 106.599572923448 95.1647957695855 90.5650261773003 91.5210664537218 89.4579959445529 84.3326822916667 79.0532650417752 77.3246951633029 78.8201353285048 78.0280999077691 73.9844674004449 66.4759589301215 59.5979652404785 56.004874335395 55.7647738986545 57.3890830145942 61.3101963467068 62.0905765957302 58.9321038987901 56.8935682508681 55.4786224365234 55.1630452473958 53.4378657870822 46.8052092658149 40.3304583231608 34.5961496565077 32.8429993523492 40.9779184129503 48.2917416890462 51.4613054063585 50.277653588189 51.6983765496148 52.0758641560872 49.4969024658203 47.7286194695367 46.4727054172092 44.7999305725098 43.0873387654622 40.6370137532552
321.91160413954 283.473585340712 262.355389065213 252.245449490017 237.753002590603 230.947207980686 222.663202921549 210.579344007704 191.155999077691 167.703506469727 155.727496676975 158.787536621094 155.682830810547 145.718168470595 137.7165951199 132.448305765788 120.167052374946 104.197193569607 89.3274714152018 80.7421968248155 81.0340660942925 79.6551208496094 75.4006551106771 71.0898064507378 71.7399707370334 72.2964604695638 70.5578960842556 66.0267596774631 59.3576859368218 53.6271883646647 50.8247282240126 51.4806938171387 54.4333025614421 57.0433824327257 55.687937842475 53.5818333095974 52.6002803378635 53.2676501803928 53.127990298801 48.8267940945095 41.0885450575087 35.3073683844672 30.1221555074056 38.1966289944119 45.553276485867 49.9809650844998 48.991508907742 51.9259813096788 51.7903857760959 49.3944549560547 46.630251566569 44.9709989759657 43.4315316942003 41.6929868062337 39.6183454725477
316.838907877604 283.83502875434 258.715165879991 232.620493570964 211.898917304145 203.261362711589 199.466949462891 194.86286078559 184.623823377821 169.78106519911 155.272240532769 141.864952935113 138.903425428602 134.275481330024 129.445044623481 132.468873765733 126.877484639486 113.508653428819 100.331423441569 87.9503012763129 73.215571085612 69.9922909206814 71.08167775472 67.0366855197483 65.2242062886556 64.8334401448568 66.1448135375977 65.0090238783095 61.0622995164659 54.6148287455241 48.7876764933268 46.8399937947591 47.982046339247 50.7479883829753 50.4731364780002 49.2860683865017 49.5217547946506 51.5127313401964 52.2419136895074 48.5139172871908 41.5749397277832 35.8180635240343 28.4701192643907 33.7774908277724 42.003419664171 47.4817827012804 48.3479902479384 51.1172489590115 51.4278267754449 49.6631834242079 46.2006674872504 43.5927870008681 41.7849722968207 40.1392317877875 38.3714790344238
318.705942789714 276.958492702908 256.82691277398 240.874871148003 209.361338297526 186.027782864041 176.914562649197 178.920750935872 174.400873819987 163.921491834852 151.216993543837 139.446755303277 127.750650193956 120.87040371365 113.646440294054 114.392080518934 123.519098069933 117.01825205485 102.433365715875 91.1295377943251 81.0936770968967 66.0566003587511 62.7641033596463 63.6580992804633 59.8431811862522 57.8195440504286 57.6032096015082 60.2842843797472 60.5125821431478 56.9258321126302 51.0842174953885 46.0753258599175 44.2192641364204 44.1753993564182 44.7763824462891 44.9672156439887 47.2195578681098 50.7529682583279 52.3510466681586 49.5815667046441 43.143864525689 36.7053684658474 30.4503587086995 29.7369978162977 37.9659067789714 44.4974628024631 47.0513119167752 49.8329764472114 50.494270324707 49.1163147820367 45.8419469197591 41.8899663289388 40.1650038825141 38.1919076707628 36.6908272637261
305.617279052734 255.010314941406 234.943071153429 231.377212524414 217.373853895399 195.820424397786 172.910741170247 161.634489271376 159.293017917209 155.949086507161 144.626514010959 133.319671630859 124.112919277615 115.849433898926 107.879416571723 100.205133226183 105.209660000271 112.248638576931 102.735039605035 90.2166798909505 77.8110487196181 67.0237867567274 57.4689555697971 59.8754636976454 57.0348320007324 54.0354686313205 51.6937577989366 51.7785127427843 55.5821753607856 57.6165970696343 55.4328202141656 50.5233336554633 44.65283203125 41.1337106492784 40.7634853786892 41.9728113810221 45.3066656324598 50.101757897271 52.4786826239692 50.9324739244249 45.5517751905653 38.2583685980903 31.8717986212836 26.1549070146349 34.0082757737901 40.5219128926595 44.703433142768 49.1825154622396 49.6091423034668 47.4091423882378 43.7283638848199 39.965694003635 38.2687471177843 36.5614200168186 34.8149651421441
278.435006035699 230.78709242079 208.171261257595 198.532067192925 193.842795477973 184.548800998264 170.219533284505 149.750013563368 144.794403076172 144.682025485569 139.35102335612 129.998438517253 120.666843838162 111.805947197808 103.22737121582 96.6545952690972 89.6548639933268 93.425774468316 95.1404554578993 88.0505176120334 75.8631854587131 63.4690691630046 56.2882457309299 53.523875342475 54.8840175204807 52.4640129937066 49.7997313605414 47.4361559549967 46.4527253044976 53.2134522332085 57.4717661539714 55.7921884324816 50.3916829427083 42.9981087578668 39.1681361728244 39.1421529981825 42.5725907219781 47.8002696567112 51.2334819369846 50.7693655225966 46.5657853020562 39.5065799289279 33.265148586697 25.3248456319173 29.3701396518283 36.6811286078559 42.4248411390516 47.6327951219347 48.9794353908963 46.6643278333876 41.5878058539497 38.1861377292209 36.8819847106934 35.4188800387912 33.6966061062283
240.292349921332 211.56364440918 195.655129326714 186.671647813585 176.535756429036 168.104395548503 158.144032796224 149.427803887261 140.498672485352 132.343207465278 126.940653483073 130.34659576416 122.087899102105 112.023120456272 101.01651763916 91.474858601888 85.1544079250759 77.6083526611328 75.8681437174479 71.6364724900987 61.5506829155816 57.4851320054796 54.9694451226128 49.7657008700901 49.1227416992188 51.1637607150608 49.5667114257812 47.8105371263292 43.9460411071777 45.3268199496799 54.980403052436 57.320679558648 53.6586608886719 46.1294059753418 40.0152464972602 37.3740607367622 38.4950383504232 43.5759141710069 47.8168563842773 48.778069390191 45.798952738444 39.8064197964138 33.3856728871663 26.5391419728597 26.0443572998047 33.0049970414903 39.8515006171332 45.428465101454 47.9461411370171 46.2948015001085 41.2452239990234 37.3423220316569 35.924267662896 34.5757929484049 32.9053868187798
233.842876858181 216.853674994575 211.115980360243 202.544287787543 190.118696424696 177.352232191298 167.268880208333 157.405546400282 148.13180202908 136.665159437391 123.991303337945 120.267986721463 123.706884596083 115.48686726888 101.912845187717 86.9552222357856 80.0689129299588 73.1948674519857 65.4165390862359 61.9828982883029 59.7925012376573 55.9228812323676 54.5118836296929 51.2585572136773 47.5795656840006 47.0090209113227 49.5203285217285 47.4198587205675 45.36499871148 40.4738277859158 46.7486017015245 54.1241268581814 53.3932440016005 47.8708610534668 41.9364772372776 37.2843674553765 35.3254564073351 38.6614218817817 43.0416509840223 45.7839224073622 44.029908074273 38.90593846639 32.8320062425401 27.0702826182048 22.9836707644992 29.149974822998 37.4789746602376 43.5281948513455 46.3319193522135 45.8855056762695 41.5052261352539 37.0908504062229 35.1452657911513 34.022705078125 31.9162137773302
253.968336317274 233.31548055013 222.642300075955 209.982416788737 191.976179334852 177.26143222385 165.1423763699 155.382064819336 146.702356974284 136.71322801378 125.334483676487 113.943194919162 117.369093153212 115.986474778917 98.8161849975586 85.0083711412218 76.7703908284505 70.3801456027561 71.2141189575195 71.6123267279731 68.2590289645725 63.0664380391439 59.5769326951769 56.7437375386556 51.5199737548828 44.0834587944878 45.3581182691786 46.4069073994954 44.3585319519043 41.5922923617893 38.4926715426975 46.5422079298231 50.228343963623 47.7509460449219 43.6341357760959 38.4105686611599 33.7777976989746 33.4170627593994 37.5716824001736 41.7300406561957 42.0920113457574 37.8250664605035 32.257597817315 28.068816502889 22.6890246073405 23.8130113813612 34.6583809322781 40.5468597412109 43.9040196736654 44.1752637227376 40.723200056288 36.9035059611003 34.7305738661024 33.0826384226481 30.7638507419162
259.800330268012 227.647440592448 209.524000379774 201.263175116645 188.155614217122 175.059268527561 160.369245741102 149.204376220703 140.137434217665 131.987755669488 123.966105143229 112.934966193305 104.998714870877 105.962314181858 94.6442879570855 81.4485490587023 76.8721076117621 78.9534827338325 78.5218098958333 75.5585098266602 70.55066341824 64.6063639322917 60.2170075310601 56.3244934082031 52.4126023186578 46.5746710035536 40.8620664808485 41.6955621507433 39.9252162509494 40.5523863898383 37.9366450839572 37.0824292500814 44.3357293870714 44.7749816046821 42.1367284986708 38.6707259284125 33.9343452453613 30.3620516459147 32.1248338487413 36.3856112162272 39.0972679985894 37.3744968838162 32.5736916859945 27.7853270636664 24.0231092241075 20.7745246887207 30.6900096469455 36.5555441114638 40.5719621446398 42.0457996792263 39.843196021186 36.3146582709418 33.9271235995822 32.1176113552517 29.8302188449436
241.385565863715 226.166680230035 215.915620591905 201.037336561415 184.174570719401 173.114386664497 163.793574015299 155.218960232205 145.790335761176 135.242672390408 126.063511318631 116.029202779134 104.225448608398 94.6559863620334 88.6713299221463 85.0052871704102 86.4893179999457 85.5184987386068 81.890621609158 77.0109210544162 71.5468495686849 65.6762203640408 59.9893968370226 54.5642895168728 50.6189490424262 46.8094579908583 41.7459877861871 39.2452591790093 35.7529042561849 35.5535901387533 35.4638786315918 31.9602843390571 37.2448298136393 38.1331299675835 37.1192245483398 36.2515555487739 33.6376775105794 30.0149360232883 27.9236075083415 30.5452668931749 33.1717137230767 34.5422914293077 31.9470827314589 27.5374842749702 23.6248344845242 18.6344763437907 26.9981668260362 33.4298422071669 38.3130535549588 40.3803757561578 39.4288118150499 36.3866466946072 33.2443652682834 31.1820309956868 29.3609188927544
248.08070034451 236.238040500217 219.389188978407 203.261583116319 176.701049804688 166.262993706597 160.196148342556 149.643052842882 142.216033935547 137.574785020616 131.047564188639 120.951198154026 110.89565870497 102.083947075738 97.7105119493273 95.9395506117079 92.3529696994358 88.0074217054579 82.8775007459852 75.2898644341363 67.9446873135037 60.5682042439779 56.2838952806261 53.030089908176 49.4336992899577 47.2093556722005 45.5934948391385 42.3534355163574 37.3652538723416 33.3623767428928 33.1675703260634 31.9544137318929 31.3792442745633 33.7505397796631 33.8073751661513 33.0769411722819 32.2738543616401 30.2202665540907 28.1989076402452 25.3771504296197 25.8025205400255 27.3546572791205 27.8151429494222 25.7522366841634 22.9083099365234 17.0872554779053 25.5631194644504 32.7376414404975 37.2077454460992 38.6793772379557 37.6998731825087 35.4851421780056 32.9851642184787 30.7034055921766 28.7267458173964
258.375376383464 245.158235337999 221.594446818034 199.35915629069 181.40397644043 164.436913384332 149.742516411675 139.633460150825 131.577746073405 127.846131218804 125.945597330729 120.613336351183 113.66714307997 108.045160929362 105.655412462023 101.07287258572 93.5948028564453 82.7133585611979 72.4492026435004 64.6075884501139 59.4259974161784 55.850048912896 49.5896492004395 45.7192950778537 40.3466457790799 39.7210578918457 37.637870364719 36.2254350450304 36.2068489922418 37.2511350843641 37.5048595004612 35.4961348639594 30.8669495052761 30.0175018310547 32.1691286298964 31.8985845777724 30.846135881212 29.5625531938341 27.8984124925401 27.0350986056858 24.5872578091092 21.7420264350043 19.2735339270698 20.5247561136881 21.846156862047 17.7251803080241 22.8082826402452 32.6014885372586 36.5405629475911 37.043711344401 35.8512869940864 34.0332154168023 31.8823892805311 30.0512214236789 28.2054129706489
267.127427842882 250.895462036133 230.611789279514 210.289491441515 191.701280381944 173.201448228624 154.470565795898 137.914979722765 125.30423312717 118.505729675293 112.974655151367 109.499050564236 111.338150872125 112.968222724067 107.438085767958 96.7845857408312 82.6599858601888 70.3285107082791 66.6922480265299 62.2254104614258 57.8144522772895 52.4094598558214 46.9375012715658 44.3893648783366 47.0254109700521 47.2318619622125 45.465217590332 44.7178899976942 43.4669325086806 41.9881833394368 39.9085142347548 37.4421649509006 34.5004130469428 29.3483295440674 26.6748146480984 27.4023916456434 25.9181974199083 23.9993924034966 21.4463000827365 21.5053617689345 20.7046165466309 22.7044300503201 22.76491355896 17.9380096859402 19.659138891432 16.820833630032 20.7491036521064 29.7743979560004 32.9090014563666 33.3340430789524 32.4662354787191 31.7459443410238 30.7074224683974 29.1963982052273 27.8544311523438
269.377841525608 246.585669623481 226.536751641168 207.538884480794 188.342312282986 164.066290961372 147.958914862739 134.101152208116 122.528834872776 113.555205451118 106.146308051215 101.939390394423 98.3348939683702 100.597204420302 93.7510240342882 81.1542180379232 69.9248055352105 65.4610332912869 63.8070220947266 56.7715877956814 53.5038948059082 50.8701010810004 51.2074216206868 54.8747130499946 54.6080860561795 51.7388793097602 50.3152152167426 47.7200359768338 45.5433887905545 43.4937642415365 40.9354133605957 38.6553531222873 36.1214836968316 33.8690547943115 30.8361216651069 28.3166109720866 27.6814727783203 26.5675186581082 24.9466128879123 22.6024165683322 20.1983672247993 17.5442284478082 20.5567704306708 18.7235402001275 14.9138095643785 17.0468837949965 18.6460681491428 25.7613353729248 29.846030553182 29.8009378645155 29.6119609408908 29.3322781456841 29.2811296251085 28.3202696906196 27.1220548417833
280.258582221137 251.984473334418 221.058042738173 201.098968505859 184.277386135525 165.457222832574 151.465906778971 143.831717597114 132.489837646484 115.731898837619 104.008147345649 94.3774846394857 88.4529800415039 85.7084223429362 81.7672576904297 74.9880091349284 71.1797197129991 65.2613580491808 60.0402709113227 61.3116018507216 61.672055138482 61.3053364223904 60.5836050245497 59.5301704406738 57.6153950161404 54.8396178351508 51.8140178256565 49.1601134406196 46.6832245720757 44.3544154696994 41.4367366366916 38.8345642089844 36.0937008327908 33.8336012098524 32.1250612470839 31.5027294158936 30.8309304979112 29.5331552293566 28.0272564358181 26.5874438815647 23.7546238369412 19.6283435821533 16.8147277832031 16.471383412679 16.4231069352892 17.0433831744724 15.4930587344699 22.1158292558458 26.2274759080675 27.3181925879584 27.4176296657986 27.4452701144748 27.7578962114122 27.5666879018148 26.5642202165392
