data/cape_peninsula/rasters90/jan_solar_radiation.asc
NCOLS 225 
NROWS 643 
XLLCORNER 249990 
YLLCORNER 6189390 
CELLSIZE 90 
NODATA_value -9999 
[rows 288 to 311 of 643, columns 55 to 109 of 225]
-9999 -9999 -9999 -9999 -9999 -9999 8989 8984.00922309028 8982.55544704861 8986.04633246528 8990.78689236111 8994.00944010417 8994.62033420139 8984.33344184028 8982.50933159722 8983.91666666667 8982.65755208333 8980.08322482639 8981.15744357639 8981.85177951389 8981.37955729167 8985.06499565972 8984.38899739583 8985.74066840278 8986.12044270833 8987.43511284722 8985.87966579861 8984.70388454861 8982.99066840278 8982.13899739583 8987.02788628472 8978.31477864583 8975.287109375 8986.34266493055 8992.21299913194 9003.65755208333 8990.27766927083 8982.86100260417 8989.32411024305 8981.37033420139 8985.62966579861 8982.65733506944 8985.94444444444 8986.93511284722 8994.53689236111 8995.46310763889 8988.15744357639 8988.62033420139 8990.50933159722 8986.10188802083 8984.75922309028 8985.12966579861 8981.60188802083 8979.59266493055 8976.00922309028
-9999 -9999 -9999 -9999 -9999 -9999 8990.64575195312 8989.27788628472 8983.9814453125 8983.95377604167 8990.30555555555 8987.65755208333 8982.78700086805 8983.32389322917 8985.08333333333 8982.88899739583 8984.05544704861 8982.81467013889 8983.787109375 8982.27788628472 8977.14800347222 8981.45377604167 8985.7314453125 8990.25 8991.88899739583 8985.52766927083 8986.61121961805 8989.39800347222 8984.787109375 8987.09233940972 8985.37966579861 8971.68532986111 8981.58322482639 8988.2685546875 8976.20377604167 8977.63888888889 8998.68522135417 8989.47222222222 8979.40733506944 8986.70377604167 8988.40733506944 8993.96299913194 9000.11111111111 8994.97211371528 8992.38878038194 8992.28700086805 8995.62022569444 8993.25922309028 8987.787109375 8994.25933159722 8989.12966579861 8983.98155381944 8983.98166232639 8979.62955729167 8980.41655815972
-9999 -9999 -9999 -9999 -9999 -9999 8991.15625 8984.59255642361 8984.41655815972 8989.37055121528 8982.16677517361 8980.16666666667 8983.65755208333 8986.70377604167 8984.90744357639 8988.95366753472 8981.51877170139 8982.51866319444 8982.537109375 8984.44444444444 8983.35177951389 8978.47222222222 8981.95377604167 8980.12022569444 8979.65744357639 8985.77766927083 8986.88878038194 8983.13888888889 8982.57411024305 8983.58344184028 8984.6943359375 8980.74989149305 8988.16655815972 8993.4443359375 8993.61121961805 8991.82389322917 8976.9814453125 8976.87022569444 8983.88888888889 8987.15744357639 8997.57400173611 9000.26844618055 8992.16666666667 8989.50922309028 8990.12955729167 8987.02777777778 8987.27777777778 8994.59266493055 8997.75922309028 8997.24989149305 9000.30555555555 8999.68532986111 8991.79633246528 8986.40744357639 8986.47233072917
-9999 -9999 -9999 -9999 -9999 8992.43050130208 8988.05544704861 8979.59266493055 8975.89811197917 8982.94444444444 8986.62955729167 8982.537109375 8981.37955729167 8985.47222222222 8987.01844618055 8980.89800347222 8982.03700086805 8984.68522135417 8981.38888888889 8979.29644097222 8979.34266493055 8984.24088541667 8979.19444444444 8981.56477864583 8985.65755208333 8986.89822048611 8987.92588975694 8982.46299913194 8981.83333333333 8984.95366753472 8984.94466145833 8993.70377604167 8998.73155381944 8998.81499565972 8997.38878038194 8980.97233072917 8977.38899739583 8982.50021701389 8987.20377604167 8995.07421875 8994.92578125 8993.25933159722 8993.62033420139 8997.99088541667 8992.60188802083 8991.90744357639 8986.22222222222 8977.28700086805 8981.23166232639 8999.12033420139 9002.97233072917 9007.97233072917 9001.40744357639 8995.98133680555 8993.20355902778
-9999 -9999 -9999 -9999 8996 8992.31477864583 8981.33322482639 8980.59266493055 8985.65744357639 8989.08333333333 8988.59255642361 8983.40733506944 8982.78689236111 8985.78700086805 8987.14822048611 8981.78689236111 8979.24077690972 8980.11121961805 8985.72211371528 8985.57421875 8985.05555555555 8982.38888888889 8983.86100260417 8983.78700086805 8990.14800347222 8995.50010850694 8985.20366753472 8982.78700086805 8983.45377604167 8978.87955729167 8981.3056640625 8983.20366753472 8981.87055121528 8977.10199652778 8985.88899739583 8988.66677517361 8988.67588975694 8989.54611545139 8996.87033420139 8993.01844618055 8991.18522135417 8995.4814453125 9000.41666666667 8990.25911458333 8991.96299913194 8995.70355902778 9001.60188802083 8999.04644097222 8999.537109375 8998.41677517361 9006.16677517361 9007.39822048611 9011.56488715278 9011.09255642361 9014.87955729167
-9999 -9999 -9999 -9999 8998.02766927083 8986.20366753472 8979.07411024305 8978.86111111111 8986.62966579861 8989.0185546875 8982.87044270833 8983.15733506944 8986.68522135417 8984.64811197917 8986.48155381944 8981.53700086805 8981.03700086805 8981.88899739583 8981.69455295139 8982.24088541667 8984.69444444444 8984.55555555555 8981.79622395833 8981.99077690972 8980.00010850694 8980.63878038194 8982.73133680555 8981.39800347222 8981.87055121528 8977.11111111111 8968.31488715278 8974.32411024305 8976 8978.74088541667 8986.62044270833 8984.06477864583 8988.20366753472 8996.38878038194 8990.79611545139 8995.87955729167 8999.67588975694 9006.29622395833 9001.02777777778 8997.56488715278 8997.66666666667 8997.95377604167 8998.60188802083 9003.89811197917 9001.72233072917 9006.02766927083 9000.08333333333 9007.16655815972 9012.16655815972 9018.22222222222 9020.92599826389
-9999 -9999 -9999 8998.91666666667 8991.34255642361 8980.70377604167 8978.20355902778 8983.24066840278 8991.75 8992.31477864583 8981.85188802083 8983.37055121528 8983.70377604167 8981.49066840278 8976.77766927083 8984.97222222222 8984.92578125 8982.7685546875 8980.14811197917 8982.55577256944 8986.73155381944 8987.93511284722 8990.72222222222 8982.85199652778 8972.40733506944 8969.97211371528 8977.62966579861 8979.10177951389 8975.21299913194 8981.9443359375 8987.59266493055 8989.25911458333 8979.83322482639 8978.95377604167 8979.67588975694 8989.97200520833 8995.87044270833 8990.11111111111 8989.70366753472 8998.287109375 9013.64811197917 9023.42599826389 9025.80555555555 9017.25021701389 9003.11111111111 8999.61111111111 8998.07411024305 9000.14822048611 9002.20366753472 8994.37955729167 9002.62977430555 9014.26833767361 9016.07400173611 9021.96299913194 9030.22222222222
-9999 -9999 8995.9166015625 8992.19444444444 8980.74066840278 8974.40755208333 8977.37033420139 8982.87966579861 8995.59255642361 8985.87955729167 8986.87955729167 8984 8981.50922309028 8981.01866319444 8978.12955729167 8982.037109375 8985.81477864583 8982.15744357639 8981.7314453125 8983.36121961805 8984.05555555555 8982.87033420139 8978.52777777778 8979.19444444444 8979.57400173611 8976.62044270833 8977.13888888889 8981.25922309028 8982.73133680555 8982.53700086805 8984.91666666667 8988.5 8997.57389322917 9002.74066840278 8998.68522135417 8994.92610677083 8993.32411024305 8994.91655815972 8995.2685546875 8993.40733506944 9001.57400173611 9015.4814453125 9036.55544704861 9033.38888888889 9027.25 9021.18522135417 9011.98155381944 9012.2685546875 9009.36111111111 9014.6943359375 9015.69444444444 9011.97222222222 9021.68532986111 9024.12955729167 9031.62022569444
9004.33333333333 9004.35 8995.07400173611 8982.44444444444 8979.33344184028 8981.74066840278 8981.712890625 8995.23155381944 8991.08333333333 8985.20366753472 8977.29633246528 8980.83333333333 8980.67588975694 8977.71299913194 8983.14811197917 8983.4443359375 8987.4814453125 8983.89822048611 8982.35188802083 8984.32400173611 8985.70366753472 8982.62033420139 8980.59255642361 8983.14800347222 8983.16666666667 8986.40733506944 8990.27766927083 8995.60188802083 9002.57400173611 8999.31488715278 8995.47222222222 8993.4814453125 8996.31488715278 8991.54633246528 8991.14822048611 8994.79622395833 8995.81477864583 8998.50922309028 9001.51866319444 8991.90733506944 8983.18511284722 8974.26844618055 8999.62033420139 9035.99077690972 9040.13899739583 9031.40744357639 9023.51844618055 9022.72243923611 9019.94444444444 9020.05555555555 9019.32400173611 9020.73155381944 9019.93522135417 9025.97211371528 9018.58322482639
9000.64811197917 8986.12033420139 8980.89822048611 8981.85177951389 8978.84244791667 8978.41655815972 8992.93511284722 8992.7685546875 8985.31488715278 8978.92588975694 8985.66666666667 8985.22233072917 8986.39811197917 8986.25 8984.31488715278 8985.08311631944 8982.9443359375 8985.29633246528 8982.14800347222 8985.32400173611 8983.62022569444 8982.55544704861 8980.85188802083 8985.43511284722 8989.80544704861 8987.24077690972 8984.55555555555 8986.7685546875 8988.18522135417 8988.05555555555 8990.4814453125 8992.66655815972 8991.50911458333 8993.11111111111 8990.02777777778 8992.40755208333 9001.2685546875 8998.84255642361 8996.27777777778 8996.03700086805 8978.84244791667 8958.47211371528 8937.93522135417 8955.51844618055 9012.49088541667 9028.962890625 9028.87977430555 9027.66655815972 9022.86111111111 9020.88888888889 9024.05544704861 9023.34255642361 9022.09255642361 9000.82421875 8972.16666666667
8953.0185546875 8987.59255642361 8982.67588975694 8978.24989149305 8979.68522135417 8992.41655815972 9000.59255642361 8995.20366753472 8974.72211371528 8980.92578125 8985.52777777778 8983.02788628472 8978.50933159722 8981.65755208333 8982.13899739583 8980.01866319444 8980.55555555555 8987.25010850694 8984.89800347222 8982.12966579861 8981.96278211805 8984.13888888889 8984.32411024305 8980.49989149305 8979.77777777778 8982.287109375 8981.45388454861 8980.89811197917 8980.42588975694 8983.22233072917 8987.72233072917 8994.82400173611 8993.13878038194 8994.49989149305 8996.537109375 8994.37044270833 8991.85177951389 8995.69455295139 8998.37033420139 8998.49066840278 8987.66644965278 8975.712890625 8951.89822048611 8933.79622395833 8951.37966579861 9009.39832899305 9034.7685546875 9037.06488715278 9043.12044270833 9034.31488715278 9021.31499565972 9021.86100260417 9025.94444444444 9017.2685546875 8925.54633246528
8974.87955729167 8967.74088541667 8993.25922309028 8991.94444444444 8999.08322482639 9002.33333333333 8991.49077690972 8977.29622395833 8980.61100260417 8981.87966579861 8979.52788628472 8980.71310763889 8984.37955729167 8985.44455295139 8988.15744357639 8986.60188802083 8986.33344184028 8982.91655815972 8987.89822048611 8984.10188802083 8982.91666666667 8981.04644097222 8982.66655815972 8983.75922309028 8982.64822048611 8981.23133680555 8982.81467013889 8984.20366753472 8984.37977430555 8988 8987.56477864583 8983.09266493055 8989.59255642361 8987.51833767361 8989.5 8988.05555555555 8986.17599826389 8985.11100260417 8985.32400173611 8991.51844618055 8993.12966579861 8984.85188802083 8973.07411024305 8957.41666666667 8947.33344184028 8959.9443359375 8993.51844618055 9024.17599826389 9042.54633246528 9043.90744357639 9040.38878038194 9031.58333333333 9030.39832899305 9022.40733506944 8976.09266493055
8865.09255642361 8862.36121961805 8982.25922309028 8997.99088541667 8999.27788628472 8983.51844618055 8982.15744357639 8976.25 8980.39811197917 8984.0185546875 8983.07411024305 8982.87966579861 8984.55544704861 8985.12033420139 8983.59266493055 8983.97222222222 8984.90744357639 8987.13878038194 8988.70366753472 8984.787109375 8980.99077690972 8985.03721788194 8990.24088541667 8987.41666666667 8987.62033420139 8987.97233072917 8987.81488715278 8985.34255642361 8985.09266493055 8985.712890625 8988.14811197917 8989.21310763889 8988.00933159722 8990.33333333333 8989.80555555555 8994.64822048611 8998.2685546875 8994.15755208333 8992.92588975694 8983.72211371528 8989.00010850694 8996.50010850694 8989.06477864583 8972.11100260417 8956.53700086805 8957.17578125 8978.25010850694 8999.87955729167 9021.64811197917 9035.56456163194 9037.91655815972 9039.04622395833 9035.03721788194 9033.39822048611 9010.32411024305
8991.05555555555 8937.32421875 8956.45366753472 8986.49989149305 8981.65744357639 8983.25933159722 8973.89832899305 8979.27777777778 8981.95377604167 8978.25 8976.8984375 8980.39811197917 8983.25911458333 8979.80544704861 8978.91666666667 8984.27766927083 8985.15733506944 8984.40744357639 8986.83355034722 8988.86111111111 8985.87966579861 8984.33333333333 8978.35188802083 8979.00010850694 8982.22233072917 8988.11111111111 8984.83322482639 8983.50010850694 8980.69455295139 8983.57400173611 8987.77766927083 8991.0185546875 8991.19455295139 8991.86111111111 8992.75933159722 8990.88878038194 8991.99077690972 8998.2685546875 8994.68522135417 8993.8056640625 8997.43500434028 8996.8056640625 9002.74066840278 8991.87966579861 8979.72222222222 8962.11111111111 8963.57411024305 8964.38899739583 9007.40744357639 9034.04644097222 9043.32389322917 9046.12022569444 9045.13888888889 9037.61121961805 9032.22233072917
8973.962890625 8970.50010850694 8977.33333333333 8972.49989149305 8973.75 8976.44444444444 8979.40744357639 8977.11100260417 8974.75 8977.83333333333 8981.41655815972 8981.81477864583 8980.35188802083 8981.90755208333 8984.21278211805 8980.84266493055 8985.49989149305 8995.49066840278 8980.53700086805 8965.7314453125 8973.01866319444 8981.21299913194 8984.04633246528 8984.37033420139 8983.43511284722 8980.18511284722 8984.78700086805 8988.77788628472 8990.45366753472 8990.5 8993.9814453125 8990.34244791667 8989.95366753472 8992.29644097222 8995.45377604167 8993.49077690972 8990.74066840278 8991.15755208333 8997.63899739583 9001.15733506944 8997.962890625 8998.41655815972 9002.62044270833 8992.38888888889 8988.61111111111 8980.56477864583 8951.96299913194 8947.60188802083 8958.00922309028 9040.39832899305 9049.07411024305 9046.72233072917 9043.44444444444 9048.13888888889 9039.04622395833
9000.787109375 8993.31477864583 8964.53700086805 8972.287109375 8984.62044270833 8985.25 8985.45366753472 8984.53700086805 8984.83333333333 8982.56477864583 8982.52766927083 8981.68522135417 8980.92578125 8991.04622395833 8993.45377604167 8999.71310763889 8986.44444444444 8941.74989149305 8956.70366753472 8974.90733506944 8984.43511284722 8986.41666666667 8987.36111111111 8990.63888888889 8995.08322482639 8983.87966579861 8981.34255642361 8981.28700086805 8990.24066840278 8988.44444444444 8976.91666666667 8977.36111111111 8984.04633246528 8985.73155381944 8990.57411024305 8994.64811197917 9000.11100260417 9002.55544704861 9000.19444444444 8997.33322482639 8995.61111111111 8989.91677517361 8979.77777777778 8997.21310763889 8998.08333333333 8987.13888888889 8955.49077690972 8929.42578125 8900.57421875 8983.08322482639 9043.26866319444 9054.28689236111 9053.35167100694 9052.462890625 9056.47222222222
8988.56488715278 8985.49077690972 8976.27788628472 8977.68522135417 8985.38888888889 8985.33311631944 8986.35199652778 8987.60177951389 8981.57400173611 8985.24055989583 8984.7314453125 8984.02766927083 8984.36111111111 8978.95377604167 8985.15755208333 8967.29644097222 8936.2685546875 8975.36111111111 8982.87966579861 8983.04633246528 8980.79644097222 8984.9814453125 8982.82411024305 8986.04633246528 8981.49088541667 8998.16666666667 9003.388671875 9008.99066840278 8990.37955729167 8999.06467013889 9010.11121961805 9010.49077690972 9005.54633246528 9003.10177951389 8999.89822048611 8997.25933159722 8992.24077690972 8988.62966579861 8994.16655815972 8994.37955729167 8996.86111111111 8998.86111111111 9006.79644097222 8999.13899739583 8990.11121961805 8989.25922309028 8981.36111111111 8938.66666666667 8894.68500434028 8930.27766927083 8999.55544704861 9046.63878038194 9053.41677517361 9056.6298828125 9058.60188802083
9012.36100260417 9010.15733506944 9017.16677517361 9006.38888888889 8974.66655815972 8969.2314453125 8981.62944878472 8990.38878038194 8988.24989149305 8983.83322482639 8984.62966579861 8987.83322482639 8988.40755208333 8985.3056640625 8977.37966579861 8955.66677517361 8979.70366753472 8983 8983.04633246528 8983.73166232639 8983.61111111111 8991.32400173611 8997.62977430555 9001.12044270833 9004.92578125 9006.537109375 9003.16655815972 9000.93522135417 9015.53700086805 9021.61111111111 9027.72233072917 9025.27788628472 9020.14811197917 9015.25922309028 9012.64811197917 9011.75933159722 9008.83322482639 9009.17610677083 8999.36121961805 8998.80544704861 9003.68511284722 9002.77777777778 8992.17578125 8997.87033420139 9005.14811197917 9002.8056640625 8993.23166232639 8963.5185546875 8882.64811197917 8878.25933159722 8939.49055989583 9010.83344184028 9042.037109375 9049.19444444444 9061.98155381944
9038.35188802083 9027.12033420139 9025.39811197917 9030.11111111111 9027.39800347222 9005.40744357639 8974.0185546875 8955.00010850694 8963.212890625 8967.80555555555 8975.15744357639 8977.54622395833 8979.59255642361 8980.43511284722 8976.34266493055 8974.3056640625 8982.95366753472 8983.287109375 8984.26866319444 8991.15744357639 9002.74077690972 9007.07411024305 9020.16677517361 9020.4814453125 9022.14811197917 9021.37977430555 9026.22211371528 9028.81477864583 9035.287109375 9037.41677517361 9040.81477864583 9040.14811197917 9034.55555555555 9031.43511284722 9024.76866319444 9018.49088541667 9014.5927734375 9006.52777777778 9012.58322482639 9012.87044270833 9005.18500434028 9011.95366753472 9016.72222222222 9019.86121961805 9019.22222222222 9018.49077690972 9006.71278211805 8984.87966579861 8925.44455295139 8842.1943359375 8870.15755208333 8960.49088541667 9027.91677517361 9030.29622395833 9053.9443359375
8974.24989149305 9011.32400173611 9034.47211371528 9032.31488715278 9031.31477864583 9029.56477864583 9015.87044270833 8988.38888888889 8983.75922309028 8981.09255642361 8972.43522135417 8969.03689236111 8971.33322482639 8969.22222222222 8964.73155381944 8983.72233072917 8988.712890625 8994.02777777778 9007.64822048611 9023.52777777778 9028.57411024305 9032.87966579861 9030.62955729167 9032.75 9039.13888888889 9046.71299913194 9046.87033420139 9040.0185546875 9036.22211371528 9036.57400173611 9039.68532986111 9037.63888888889 9040.73133680555 9046.76833767361 9044.37955729167 9042.28700086805 9039.89822048611 9035.19422743055 9026.61100260417 9026.62977430555 9029.07389322917 9031.33333333333 9035.30533854167 9046.94444444444 9047.12044270833 9041.27766927083 9042.0556640625 9031.70366753472 8980.62044270833 8911.88899739583 8866.39822048611 8891.15744357639 8968.95366753472 8982.7685546875 9036.82400173611
8924.38899739583 8937.07400173611 8994.74088541667 9038.33333333333 9038.79654947917 9033.60177951389 9021.61111111111 9003.00922309028 8991.05544704861 8983.12977430555 8984.04644097222 8987.17588975694 8991.70388454861 8997.10188802083 9002.14811197917 9007.24088541667 9012.53700086805 9016.57411024305 9026 9040.42588975694 9044.24077690972 9044.57421875 9045.01844618055 9033.00922309028 9035.49077690972 9040.90733506944 9035.72222222222 9033.06467013889 9026.47222222222 9027.48155381944 9027.08322482639 8991.34255642361 8997.81488715278 9006.39811197917 9017.99077690972 9015.56477864583 9017.23155381944 8995.58333333333 9019.6943359375 9038.74077690972 9044.03721788194 9048.49077690972 9029.25 9031.77777777778 9020.79633246528 8995.91688368055 9004.81488715278 9028.43511284722 9034.13888888889 8987.33333333333 8850.59244791667 8884.60167100694 8891.04633246528 8936.90755208333 8946.31467013889
8944.76844618055 8975.73166232639 8986.56488715278 9023.93511284722 9035.84266493055 9026.70366753472 9014.5 9014.18511284722 9013.26844618055 9004.638671875 8998.17588975694 9002.31477864583 9005.49077690972 9009.2685546875 9011.61100260417 9012.1943359375 9018.13899739583 9019.9443359375 9023.462890625 9038.59244791667 9044.72233072917 9048.07421875 9051.70366753472 9052.65733506944 9046.00010850694 9034.46299913194 9012.30544704861 8994.38899739583 8955.62955729167 8842.46299913194 8789.79622395833 8797.46299913194 8737.12966579861 8843.99077690972 8922.0556640625 8929.53700086805 8965.78700086805 8975.49077690972 8917.64811197917 8982.17599826389 9041.84255642361 9050.99077690972 9008.87977430555 8980.05544704861 9012.36111111111 8900.97222222222 8706.67599826389 8851.84255642361 8989.46310763889 9011.37966579861 8998.98155381944 8889.12966579861 8857.62033420139 8888.22222222222 8862.11111111111
8925.46299913194 8980.31488715278 8991.49989149305 8996.35177951389 8998.52777777778 9011.49066840278 9021.74077690972 9015.99077690972 9012.06477864583 9004.02777777778 8999.2685546875 8998.99066840278 9002.57411024305 9010.00933159722 9012.22222222222 9024.70366753472 9028.45366753472 9019.71299913194 9032.73166232639 9044.86111111111 9046.98155381944 9046.58333333333 9050.2314453125 9053.06467013889 9053.2314453125 9028.72211371528 8914.40744357639 8769.68522135417 8657.77777777778 8704.52777777778 8781.68500434028 8877.08344184028 8901.06477864583 8758.92588975694 8834.22222222222 8812.67588975694 8821.55555555555 8804.44455295139 8852.93511284722 8947.4443359375 9012.15733506944 9013.40744357639 8938.537109375 8870.56488715278 9010.34255642361 8874.37055121528 8881.65733506944 8611.66655815972 8867.1943359375 8910.30555555555 8907.7685546875 8968.64811197917 8896.36111111111 8850.88878038194 8857.77788628472
8899.74989149305 8895.82400173611 8977.82400173611 9000.31499565972 9011.51844618055 9007.3056640625 9008.48133680555 9008.61121961805 9003.3056640625 8974.93522135417 9003.13878038194 9000.88888888889 9004.55555555555 9011.97222222222 9018.13910590278 9025.88888888889 9024.99077690972 9028.69455295139 9031.41655815972 9041.75922309028 9030.64811197917 9043.86121961805 9052.58333333333 9048.86100260417 9041.64822048611 9021.58344184028 8729.25 8569.3056640625 8781.86111111111 8877.62966579861 8839.19455295139 8703.40733506944 8716.32411024305 8798.10167100694 8765.00944010417 8681.05544704861 8577.38899739583 8589.39789496528 8575.39811197917 8834.70366753472 9000.93522135417 8963.75933159722 8996.33322482639 8870.84255642361 8901.37966579861 8929.59255642361 8831.53700086805 8899.23155381944 8839.85199652778 9020.5185546875 8973.22222222222 8816.83333333333 8969.56477864583 8892.6943359375 8814.29622395833
