data/cape_peninsula/rasters90/jan_solar_radiation.asc
NCOLS 225 
NROWS 643 
XLLCORNER 249990 
YLLCORNER 6189390 
CELLSIZE 90 
NODATA_value -9999 
[rows 216 to 239 of 643, columns 110 to 164 of 225]
6948.66666666667 6982.14816623264 7989.29638671875 8332.80544704861 8510.32400173611 8587.18511284722 8887.50933159722 8943.37966579861 8846.12044270833 8800.00922309028 8846.39811197917 9010.36121961805 8983.91677517361 8943.44455295139 8994.56488715278 9063.87966579861 9065.37955729167 9051.41677517361 9037.24989149305 9026.71299913194 9011.99978298611 9009.23155381944 9022.17599826389 9017.62044270833 9007.87033420139 9010.89811197917 9014.25922309028 9014.26833767361 9006.75010850694 9003.30544704861 9011.70366753472 9016.19444444444 9013.10177951389 9009.41677517361 9007.95388454861 9007.87955729167 9003.07389322917 9000.96299913194 8996.76866319444 8996.12966579861 8994.5 8996.17588975694 8995.92599826389 8995.25922309028 8996.09266493055 8993.80544704861 8988.85177951389 8985.16666666667 8985.70366753472 8990.72222222222 8990.75933159722 8964.03700086805 8969.28689236111 8991.89822048611 8992.67588975694
7061.99066840278 7709.19439019097 7768.11121961805 8166.80560980903 8395.34261067708 8577.47211371528 8677.87955729167 8565.40738932292 8567.93511284722 8760.96299913194 8894.0556640625 8965.77766927083 8921.66677517361 9005.49077690972 9059.75944010417 9070.45366753472 9050.28689236111 9032.10177951389 9023.39822048611 9009.20355902778 8994.72222222222 9008.9814453125 9013.962890625 9012.55544704861 9004.58344184028 9004.86111111111 9002.31488715278 9008.6201171875 9008.65755208333 9016.2685546875 9016.52777777778 9013.68532986111 9011.62033420139 9011.0556640625 9009.36111111111 8999.75 9001.38888888889 8997.45377604167 8998.73133680555 8995.37033420139 8995.61111111111 8993.81488715278 8995.96310763889 8993.78700086805 8991.49989149305 8992.64811197917 8988.94422743055 8987.40733506944 8985.91644965278 8986.34255642361 8991.40733506944 8980.05555555555 8977.0556640625 8990.94444444444 8992.14811197917
7677.94455295139 7938.27777777778 8175.01850043403 7752.34261067708 8136.2685546875 8323.10167100694 8440.56510416667 8634.37044270833 8902.74055989583 8973.58344184028 9048.55544704861 9050.25 9059.95366753472 9062.81499565972 9069.09266493055 9053.91666666667 9035.9072265625 9025.49099392361 9013.42578125 9004.87966579861 9005.07400173611 9007.65744357639 9005.18511284722 9005.04622395833 9005.72222222222 9016.66666666667 9018.5556640625 9022.7314453125 9019.85177951389 9015.87044270833 9012.92588975694 9009.68511284722 9011.06477864583 9006.84266493055 9000.35199652778 8997.06488715278 8988.50922309028 8987.92588975694 8995.66666666667 8998.82421875 8996.787109375 8993.962890625 8989.62955729167 8991.25 8992.13888888889 8989.51844618055 8986.37966579861 8989.59266493055 8987.01844618055 8985.9814453125 8986.25010850694 8978.70388454861 8981.68532986111 8993.07411024305 8993.98133680555
8662.56477864583 8441.09244791667 8321.462890625 8476.10188802083 8742.8519422743 8921.52777777778 8909.90733506944 8960.53689236111 9005.43522135417 9032.20377604167 9040.29622395833 9044.00922309028 9067.0556640625 9072.76844618055 9051.80555555555 9028.35177951389 9021.17588975694 9012.29633246528 9009.16666666667 9011.45366753472 9012.20366753472 9011.42599826389 9004.2685546875 9005.08333333333 9010.50010850694 9017.41666666667 9011.5556640625 9007.78721788194 9011.39811197917 9016.43522135417 9018.02777777778 9016.81499565972 9010.07411024305 8995.63899739583 8989.03700086805 8981.54622395833 8991.5 8996.08333333333 8993.61100260417 8994.27788628472 8992.24077690972 8990.12966579861 8993.10167100694 8990.51844618055 8986.08322482639 8984.00922309028 8990.14811197917 8987.32400173611 8987.74066840278 8984.93522135417 8987.62966579861 8977.11100260417 8984.33322482639 8987.08333333333 8988.37033420139
8554.2685546875 8443.22222222222 8529.3519422743 8891.49088541667 8944.58355034722 8929.47222222222 8901.14811197917 8943.07411024305 9012.67588975694 9009.71299913194 9050.70377604167 9019.75 9045.76844618055 9069.34266493055 9016.81488715278 9007.43522135417 9014.93532986111 8997.25933159722 8999.72222222222 8995.6943359375 9001.62955729167 9008.01866319444 9016.59255642361 9016.50010850694 9028.07400173611 9019.5556640625 9010.58322482639 9017.16677517361 9016.01844618055 9013.04622395833 9015.5 9010.81477864583 9007.37955729167 9002.83322482639 8997.91655815972 8986.787109375 8982.02756076389 8982.49066840278 8988.99077690972 8985.41666666667 8983.99066840278 8986.22233072917 8988.70366753472 8987.97211371528 8986.89822048611 8988.20366753472 8989.00911458333 8986.69444444444 8983.78700086805 8984.07411024305 8987.00922309028 8982.15755208333 8987.38878038194 8987.77788628472 8986.74055989583
8357.87966579861 8371.39805772569 8502.04622395833 8579.45355902778 8737.06488715278 8955.19444444444 8762.28700086805 8809.22233072917 8979.49066840278 9005.05555555555 9051.11111111111 9009.50922309028 9060.76844618055 9035.4443359375 9004.19455295139 9001.46310763889 8979.962890625 8955.10167100694 8970.14822048611 8977.87966579861 8994.20366753472 9008.61111111111 9005.85177951389 9014.21310763889 9015.62966579861 9012.26844618055 9009.21299913194 9012.89811197917 9005.15744357639 9019.86121961805 9010.4814453125 9002.18532986111 9003.30555555555 9002.58333333333 8997.18532986111 9000.57400173611 9010.02777777778 9007.19455295139 8990.05555555555 8989.12033420139 8988.95377604167 8990.56477864583 8987.63888888889 8986.56477864583 8991.31488715278 8990.77777777778 8985.67578125 8986.42588975694 8988.35188802083 8990.49077690972 8986.89822048611 8984.84244791667 8988.14811197917 8988.74088541667 8984.59266493055
6859.86105685764 7151.51850043403 7479.97227647569 7925.97222222222 8038.29622395833 8398.01860894097 8677.20366753472 8683.80555555555 8903.48155381944 9005.30544704861 9026.62044270833 8997.09266493055 8942.26844618055 8860.12977430555 8825.67599826389 8868.18522135417 8875.11121961805 8923.12955729167 8969.75933159722 8986.14811197917 9005.4814453125 9000.82411024305 9002.2685546875 9012.83322482639 9015.43511284722 9008.54622395833 9007.07411024305 9001.85188802083 9016.66666666667 9004.861328125 9000.9443359375 8998.33344184028 8992.43532986111 8984.06467013889 8986.12044270833 8998.10167100694 8993.64832899305 8991.46299913194 8996.54622395833 8993.93522135417 8991.19455295139 8986.2314453125 8983.58333333333 8981.44444444444 8981.87955729167 8981.08322482639 8983.39800347222 8987.29633246528 8983.84255642361 8984.23122829861 8985.47211371528 8983.57411024305 8986.27777777778 8984.03700086805 8979.81477864583
8386.57416449653 7699.7685546875 7883.51844618055 8318.58322482639 8476.09266493055 8442.37033420139 8480.49066840278 8666.54611545139 8781.5185546875 8910.13888888889 8853.62977430555 8927.49077690972 8937.11111111111 8945.99077690972 8964.04644097222 8923.64811197917 8931.91666666667 8953.82411024305 8967.75922309028 8982.25911458333 8986.40733506944 8999.04611545139 8998.62977430555 9000.04633246528 8991.65744357639 8975.76866319444 9002.0185546875 9023.55555555555 9013.8056640625 9004.20366753472 8993.20366753472 8998.14811197917 8990.90744357639 8997.57421875 8974.7314453125 8985.29633246528 8988.2685546875 8993.32421875 8991.87022569444 8997.37977430555 8997.15744357639 8988.787109375 8981.28700086805 8985.64822048611 8988.99066840278 8990.33333333333 9000.37966579861 9006.07421875 8989.45377604167 8989.12033420139 8987.94444444444 8985.62044270833 8987.82421875 8981.90733506944 8976.95377604167
8395.29638671875 8790.4814453125 8472.98160807292 8412.93516710069 8580.06499565972 8541.83333333333 8329.5 8500.93511284722 8608.67588975694 8675.24077690972 8869.75922309028 9025.07411024305 8961.98155381944 8945.7685546875 9006.50933159722 8992.37955729167 9015.65733506944 9027.54611545139 9031.54633246528 9036.68522135417 9025.20366753472 8993.47200520833 8979.95377604167 8985.00010850694 8983.24077690972 9006.62955729167 9021.77777777778 9014.17610677083 9008.51844618055 9008.62033420139 9003.53700086805 9000.49066840278 9001.83333333333 8989.5185546875 8979.00922309028 8974.82421875 8974.99055989583 8966.29633246528 8982.36111111111 9000.33322482639 8984.86121961805 8984.37044270833 8989.61111111111 8992.66677517361 8990.27788628472 8987.24989149305 8985.56488715278 8968.90733506944 8983.77777777778 8990.33322482639 8987.787109375 8983.86100260417 8978.73155381944 8979.87033420139 8983.8056640625
8531.71299913194 8277.87038845486 8668.59244791667 8332.8056640625 8018.86111111111 8536.22200520833 8519.93511284722 8330.21294487847 8539.97233072917 8592.39832899305 8749.53700086805 8951.5185546875 8989.5185546875 9032.35188802083 8977.45366753472 8942.82400173611 8984.88888888889 8984.24989149305 8952.53700086805 9024.96299913194 9019.89811197917 8993.17588975694 9000.86121961805 9003.02788628472 9020.50922309028 9034.58322482639 9026.29633246528 9018.87955729167 9010.85177951389 8998.75933159722 9002.05555555555 9002.43511284722 8996.34255642361 8994.34266493055 8990.12966579861 8991.39822048611 8986.34266493055 8993.12955729167 8990.01866319444 8979.42578125 8978.62934027778 8992.32400173611 8988.97222222222 8984.62966579861 8986.64811197917 8982.21299913194 8970.17599826389 8971.05555555555 8978.83333333333 8980.75922309028 8982.4814453125 8983.2685546875 8985.31477864583 8989.04633246528 8986.19466145833
8953.39811197917 8767.14811197917 8119.6019422743 8048.5648328993 8239.462890625 8112.68522135417 8605.97211371528 8366.14800347222 8358.73155381944 8538.58344184028 8627.41655815972 8734.19455295139 9021.34266493055 9028.9814453125 9023.86111111111 9001.05544704861 8995.87966579861 8971.56477864583 8945.92599826389 8998.09255642361 8986.2685546875 8954.54633246528 9016.20366753472 9040.92578125 9044.75933159722 9031.962890625 9025.95388454861 9023.85199652778 9018.51866319444 9014.01844618055 9008.41677517361 9004.89800347222 8992.58311631944 8987.20366753472 8992.712890625 8993.36111111111 8969.65733506944 8974.73166232639 8982.71310763889 8971.36100260417 8973.95355902778 8978.537109375 8981.99066840278 8981.41655815972 8967.75944010417 8980.28689236111 8985.55555555555 8983.57411024305 8979.24066840278 8982.45366753472 8987.79633246528 8985.25933159722 8983.67599826389 8981.66655815972 8982.23155381944
9019.30544704861 9002.97222222222 8951.14811197917 8564.73155381944 8277.16682942708 8481.02783203125 8316.82411024305 8550.49077690972 8437.19444444444 8423.45366753472 8543.55544704861 8586.03700086805 8874.111328125 8985.1943359375 9023.40744357639 8984.31488715278 8947.49066840278 8998.23155381944 8973.94444444444 8968.18532986111 8874.24077690972 8972.25944010417 9042.33333333333 9046.93522135417 9035.74077690972 9037.09266493055 9033.30555555555 9025.64811197917 9013.79622395833 9007.69455295139 9003.00922309028 8984.72211371528 8977.962890625 8977.15744357639 8946.10177951389 8945.83322482639 8978.45366753472 8974.97233072917 8958.42599826389 8967.17599826389 8976.43500434028 8974.12033420139 8972.18522135417 8962.22211371528 8964.43522135417 8962.14811197917 8970.212890625 8978.56477864583 8980.95377604167 8981.61111111111 8974 8975.82411024305 8982.87022569444 8985.42588975694 8986.81477864583
9047.4814453125 8976.03700086805 8895.62955729167 8927.66677517361 8817.63899739583 8693.34255642361 8639.20388454861 8261.37027994792 8357.00938585069 8428.13888888889 8457.69444444444 8576.39832899305 8672.62044270833 8978.48155381944 8979.98155381944 8910.55555555555 8894.78700086805 8985.52766927083 8906.96299913194 8914.99088541667 8915.0185546875 9024.91666666667 9051.58322482639 9042.08333333333 9047.63888888889 9043.02766927083 9029.42599826389 9014.41688368055 9004.03700086805 8996.01866319444 8988.44455295139 8974.96278211805 8968.54633246528 8954.93511284722 8985.79633246528 9025.14811197917 9019.61100260417 9020.6943359375 9011.50922309028 8991.287109375 8984.62022569444 8999.41666666667 9006.72211371528 9004.06477864583 8994.37966579861 8990.80555555555 8988.87033420139 8993.90733506944 9005.56488715278 8997.21299913194 8978.94444444444 8979.99077690972 8971.63888888889 8977.07411024305 8983.79633246528
8944.34255642361 9007.00922309028 8952.56477864583 8892.39811197917 8900.97222222222 8785.66655815972 8653.95366753472 8636.55550130208 8094.78716362847 8304.70372178819 8217.68511284722 8467.62944878472 8594.85177951389 8821.36111111111 8957.18511284722 8905.38888888889 8926.82400173611 8887.75010850694 8832.66666666667 8961.712890625 8956.88878038194 9035.83322482639 9048.13878038194 9048.22222222222 9036.75911458333 9022.37966579861 9011.19444444444 9005.90733506944 9004.88888888889 8997.962890625 8979.27777777778 8966.91666666667 8971.00010850694 8987.83333333333 9020.38888888889 9014.85188802083 9022.25 9015.50933159722 9012.90733506944 9012.26844618055 9013.69444444444 9010.95366753472 9002.7314453125 9005.22222222222 9011.80544704861 9015.40733506944 9012.10177951389 9004.24989149305 8995.19455295139 8989.31477864583 8994.14832899305 8992.49989149305 8985.22211371528 8972.06488715278 8968.54654947917
8960.73166232639 8952.94444444444 8932.92588975694 8924.59255642361 8875.01866319444 8895.61121961805 8820.36111111111 8462.68516710069 8255.62950303819 8201.787109375 8098.57405598958 8080.42599826389 8353.62044270833 8497.73155381944 8842.11100260417 8909.80555555555 8835.91655815972 8779.97222222222 8910.25922309028 9015.33322482639 8988.74066840278 9011.31477864583 9036.15733506944 8991.73166232639 8960.86111111111 8960.71299913194 8955.10199652778 8979.29644097222 8995.04644097222 9000.08333333333 8958.87033420139 8941.2685546875 8997.61100260417 9031.37022569444 9027.41666666667 9023.99077690972 9014.82400173611 9012.82411024305 9014.537109375 9014.07421875 9014.91655815972 9009.57411024305 9009.07400173611 9009.62044270833 9007.65744357639 9008.93511284722 9003.91666666667 8994.5556640625 8990.67588975694 8986.41666666667 8986.84266493055 8992.44444444444 8996.62022569444 8994.81499565972 8979.78700086805
9109.37966579861 9054.01844618055 9003.04622395833 8944.12955729167 8984.81488715278 8948.39811197917 8919.24088541667 8973.44444444444 8722.43522135417 8407.65744357639 8288.79633246528 8101.7962782118 8127.82411024305 8283.17594401042 8401.29622395833 8584.43522135417 8610.38888888889 8830.10199652778 9007.70355902778 9034.73155381944 9046.212890625 9026 9006.94455295139 8997.95366753472 8996.98155381944 8983.81477864583 8927.49077690972 8900.12044270833 8930.57411024305 8920.96299913194 8867.15744357639 9005.99066840278 9042.93522135417 9037.88888888889 9031.47211371528 9015.29622395833 9018.24989149305 9023.58322482639 9022.58344184028 9014.34255642361 9015.77777777778 9013.24066840278 9010.74989149305 9006.25 9007.47222222222 9003.08344184028 8996.61111111111 8989.76844618055 8994.43500434028 8995.18511284722 9000.02777777778 8995.25933159722 8991.93511284722 8988.93522135417 8991.14811197917
9150.32411024305 9143.67578125 9130.15733506944 9045.62966579861 8975.12044270833 8993.34266493055 9012.27777777778 9029.42610677083 9036.59244791667 8946.00922309028 8879.97222222222 8491.60188802083 8347.12944878472 8339.5185546875 8623.32411024305 8591.45366753472 8498.03700086805 8731.62044270833 8977.74066840278 8991.44455295139 9034.09266493055 9002.74055989583 8996.29633246528 8989.37033420139 9020.91666666667 9001.17578125 8994.59255642361 8981.81488715278 8933.8056640625 8895.11111111111 8993.72222222222 9031.45355902778 9029.65733506944 9029.11111111111 9025.77788628472 9028.85177951389 9030.61111111111 9031.38888888889 9028.50911458333 9022.86121961805 9018.36121961805 9015.59266493055 9014.0185546875 9011.40755208333 9006.13899739583 9001.41666666667 9001.06488715278 9002.55555555555 9005.06467013889 8997.19444444444 8999.00922309028 8991.16655815972 8991.01844618055 8988.89811197917 8991.83344184028
9146.95377604167 9145.69444444444 9137.79622395833 9110.51844618055 9059.83333333333 8953.69444444444 8923.33344184028 8990.25010850694 9036.39811197917 9030.67588975694 8894.75933159722 8527.5185546875 8422.44444444444 8498.81488715278 8591.2314453125 8730.66666666667 8548.33333333333 8634.97222222222 8873.75 8910.76844618055 8953.44455295139 9001.60188802083 8977.13899739583 8992.77777777778 8994.41677517361 8984.62044270833 9007.81488715278 9017.07400173611 9011.30555555555 9036.69422743055 9041.37044270833 9035.94444444444 9033.0185546875 9022.78700086805 9027.02777777778 9031.15733506944 9026.49077690972 9011.56488715278 9018.70388454861 9022.26844618055 9021.212890625 9015.76833767361 9013.81488715278 9009.83322482639 9011.03700086805 9015.52788628472 9013.56488715278 9012.29633246528 9002.43511284722 8986.88888888889 8993.14811197917 8997.87033420139 8998.68511284722 8998 8997.42599826389
9144.25922309028 9149.53700086805 9137.18500434028 9129.84266493055 9131.92588975694 9119.52766927083 9039.30544704861 8953.25922309028 8987.75922309028 9004.29633246528 8964.2685546875 8782.14822048611 8681.037109375 8746.27766927083 8523.34244791667 8473.5 8550.75933159722 8466.54633246528 8575.01866319444 8743.712890625 8815.44444444444 8986.36100260417 8921.12955729167 8972.52766927083 8976.0185546875 9012.90755208333 9011.56477864583 9013.88899739583 9034.72211371528 9050.46310763889 9045.63888888889 9044.37044270833 9036.31477864583 9040.02777777778 9038.50933159722 9037.21299913194 9031.20377604167 9031.55555555555 9021.01844618055 9015.76866319444 9017.40744357639 9021.49077690972 9017.02777777778 9013.75010850694 9016.99077690972 9015.37044270833 9015.85188802083 9024.69455295139 9015.6943359375 9009.68500434028 9014.49088541667 9020.24989149305 9011.04611545139 9008.70377604167 8997.97222222222
9146.75933159722 9167.00911458333 9154.68522135417 9144.24088541667 9118.96299913194 9110.85188802083 9069.66688368055 9013.49077690972 8912.10188802083 8908.4443359375 8947.4443359375 8966.62044270833 8956.76866319444 9013.42599826389 8914.99077690972 8664.65744357639 8449.43522135417 8545.25933159722 8612.85188802083 8542.63888888889 8656.87955729167 8867.67578125 8968.88888888889 9007.37977430555 9057.79644097222 9032.29633246528 8934.50922309028 8990.34255642361 9040.22200520833 9048.11121961805 9043.62966579861 9043.30544704861 9042.72233072917 9044.52788628472 9046.84244791667 9045.12033420139 9043.17599826389 9026.70377604167 9022.33344184028 9019.93522135417 9028.27777777778 9024.41655815972 9019.75933159722 9008.5556640625 9014.03700086805 9013.72222222222 9008.6943359375 9000.42588975694 8980.22222222222 8967.37966579861 8931.13888888889 8944.61100260417 8966.49989149305 8979.4072265625 8985.54622395833
9086.75922309028 9168.888671875 9146.02777777778 9163.86100260417 9159.99099392361 9040.61100260417 9029.88899739583 9086.55555555555 9073.31467013889 8889.87055121528 8761.02788628472 8865.87033420139 8978.9443359375 9075.7314453125 9060.08344184028 8917.12977430555 8849.18511284722 8575.57400173611 8592.12022569444 8619.07411024305 8572.54622395833 8781.82411024305 8828.24066840278 9008.98155381944 9019.06477864583 9032.24077690972 8959.0556640625 8936.52777777778 9028.89822048611 9043.2314453125 9035.037109375 9052.05544704861 9054.84255642361 9055.13878038194 9054.07411024305 9052.43511284722 9030.33344184028 9029.13888888889 9024.25 9032.62033420139 9035.88888888889 9029.72222222222 9027.45355902778 9028.96299913194 9024.5185546875 9017.97233072917 9016.85177951389 9017.89800347222 9009.30544704861 9011.11121961805 9000.32400173611 9007.31477864583 9005.79622395833 8999.22211371528 8994.8056640625
8780.34255642361 9110.78700086805 9166.95377604167 9169.05555555555 9163.81477864583 9110.29644097222 9017.97233072917 9041.0185546875 9069.38888888889 9078.61121961805 9048.287109375 8952.08333333333 8883.66655815972 8936.67599826389 9024.37955729167 9050.2314453125 8915.58344184028 8745.96299913194 8600.04633246528 8549.92599826389 8493.78700086805 8562.13888888889 8536.5556640625 8876.02777777778 9050.9443359375 8973.037109375 8985.82411024305 8975.40755208333 9022.90744357639 9007.95377604167 9012.0556640625 9061.08344184028 9062.69444444444 9062.39800347222 9055.25933159722 9045.57411024305 9037.79633246528 9027.41666666667 9023.39800347222 9031.29633246528 9030.31467013889 9029.75010850694 9033.10177951389 9035.64800347222 9032.68522135417 9033.16666666667 9028.62966579861 9017.49088541667 9010.62033420139 9005.90744357639 9012.5556640625 9017.61100260417 9009.37033420139 9004.78700086805 8995.34266493055
8538.62044270833 8980.25010850694 9159.52777777778 9167.4814453125 9084.34255642361 9038.72211371528 9064.57411024305 9005.89811197917 9059.47211371528 9072.25933159722 9072.97211371528 9088.50010850694 9021.27777777778 8926.16666666667 8967.70377604167 9004.20366753472 8993.0185546875 8946.7685546875 8818.11089409722 8557.63878038194 8432.25010850694 8557.60177951389 8493.62044270833 8530.09244791667 8897.0185546875 8961.18522135417 8960.64800347222 8983.25933159722 8990.30555555555 8982.37966579861 9051.79622395833 9067.67599826389 9068.62966579861 9066.56488715278 9062.86100260417 9047.89822048611 9040.75922309028 9031.50922309028 9030.62966579861 9038.69444444444 9035.37044270833 9030.69444444444 9034.82411024305 9036.74066840278 9034.71299913194 9024.24066840278 9027.6943359375 9021.70377604167 9015.1943359375 9015.29633246528 9018.30555555555 8986.55544704861 9000.09244791667 9000.07421875 8991.55555555555
8719.25 8809.76844618055 8833.63878038194 8968.51866319444 9033.54622395833 8983.37966579861 8859.72211371528 9090.18511284722 9097.4443359375 9127.37022569444 9065.88899739583 9053.05555555555 9023.19455295139 9017.4814453125 8868.74077690972 8913.49989149305 8970.66677517361 9016.72222222222 9058.93511284722 9010.5 8455.09271918403 8076.79622395833 8379.87972005208 8458.68532986111 8418.94444444444 8671.85188802083 8850.12033420139 8978.4443359375 9011.92610677083 9036.06477864583 9066.62955729167 9071.36100260417 9070.12966579861 9066.39822048611 9064.43532986111 9050.64800347222 9042.39811197917 9031.45377604167 9026.31456163194 9039.71278211805 9045.39822048611 9042.27788628472 9040.22222222222 9038.45366753472 9037.14822048611 9033.89800347222 9025.55544704861 9021.77766927083 9019.01844618055 9024.97222222222 9021.90744357639 9014.9443359375 8994.51844618055 9003.67610677083 9003.90744357639
