data/cape_peninsula/rasters90/jan_solar_radiation.asc
NCOLS 225 
NROWS 643 
XLLCORNER 249990 
YLLCORNER 6189390 
CELLSIZE 90 
NODATA_value -9999 
[rows 360 to 383 of 643, columns 55 to 109 of 225]
8984.1998046875 8972.2685546875 8981.3666015625 -9999 -9999 -9999 -9999 -9999 -9999 -9999 -9999 -9999 -9999 -9999 -9999 8101.7 7973.28705512153 7843.25 7410.49994574653 6908.08344184028 6816.02777777778 7278.90738932292 7639.45366753472 8492.92594401042 8702.462890625 8912.93511284722 9007.39800347222 9003.16666666667 8961.81467013889 8990.12955729167 9003.09255642361 9034.61111111111 9059.27788628472 9048.08322482639 9019.53700086805 8964.26866319444 8965.02788628472 8942.61121961805 8976.49077690972 9068.85199652778 9115.61111111111 9128.7685546875 9114.67578125 9074.66677517361 9092.74989149305 9065.00933159722 9083.39822048611 9121.85188802083 9123.66666666667 9108.5185546875 9103.2685546875 9021.12022569444 8662.23155381944 8746.56488715278 8900.50922309028
-9999 -9999 -9999 -9999 -9999 -9999 -9999 -9999 -9999 -9999 -9999 -9999 -9999 -9999 -9999 -9999 8265.84990234375 7921.03131103516 7820.28700086805 7683.0277235243 7745.37038845486 7987.0648328993 8001.74077690972 8342.01844618055 8886.26844618055 8829.80555555555 8986.34255642361 8995.20345052083 8955.60199652778 8869.06488715278 8928.16666666667 9062.05544704861 9013.62044270833 8977.29622395833 9021.77777777778 9040.65744357639 9036.17610677083 8999.32400173611 8875.37055121528 8946.94444444444 9053.32400173611 9119.50933159722 9130.95366753472 9097.38878038194 9108.94444444444 9107.50933159722 9030.70366753472 9104.54622395833 9102.44455295139 9121.25010850694 9126.30544704861 9079.39822048611 9056.35188802083 8968.05555555555 8773.70366753472
-9999 -9999 -9999 -9999 -9999 -9999 -9999 -9999 -9999 -9999 -9999 -9999 -9999 -9999 -9999 -9999 -9999 8507.13899739583 8406.78705512153 8226.68522135417 8019.11116536458 7711.15744357639 7078.67588975694 7911.00005425347 8547.72222222222 8804.06488715278 8715.44422743055 8892.5185546875 9030.84255642361 8987.8056640625 8848.78700086805 8755.07411024305 8995.90755208333 8959.95366753472 8939.64811197917 8998.93522135417 9020.69444444444 9029.37033420139 8940.08322482639 8836.22222222222 8858.06477864583 9019.95377604167 9116.46299913194 9129.01866319444 9069.12022569444 9104.67588975694 9089.94455295139 9037.63888888889 9094.02777777778 9103.70366753472 9114.70377604167 9115.44455295139 9036.79633246528 9054.18511284722 9028.90744357639
-9999 -9999 -9999 -9999 -9999 -9999 -9999 -9999 -9999 -9999 -9999 -9999 -9999 -9999 -9999 -9999 -9999 -9999 8657.72614397321 8439.69444444444 8119.46305338542 7801.46299913194 7269.03694661458 6435.63894314236 8033.31488715278 8577.53700086805 8862.18511284722 8833.62044270833 8838.83355034722 8982.52766927083 8912.10188802083 8751.99077690972 8733.22222222222 8915.9443359375 8988.91666666667 9049.32400173611 9054.93522135417 9024.91666666667 8991.73166232639 8843.33344184028 8759.93500434028 8856.25 9031.60177951389 9119.24066840278 9071.41677517361 9090.68511284722 9063.03700086805 8959.93522135417 8981.87966579861 9091.13878038194 9066.77777777778 9106.05544704861 9100.47222222222 9073.75933159722 9033.78700086805
-9999 -9999 -9999 -9999 -9999 -9999 -9999 -9999 -9999 -9999 -9999 -9999 -9999 -9999 -9999 -9999 -9999 -9999 8772.75 8661.5625 8360.35167100694 8028.50005425347 7811.08333333333 7275.2685546875 6591.70366753472 7796.27777777778 8367.05555555555 8831.2314453125 8851.97233072917 8811.23155381944 8865.77788628472 8841.39811197917 8895.47233072917 8925.42599826389 8953.13899739583 8878.54622395833 8959.7314453125 8967.57411024305 9022.84255642361 8948.08322482639 8703.66666666667 8520.54622395833 8718.75922309028 9066.57411024305 9081.19444444444 9078.59266493055 9047.08333333333 8729.11100260417 8917.3056640625 9083.61111111111 9087.95366753472 9083.22211371528 9082.14832899305 9077.75 9006.7685546875
-9999 -9999 -9999 -9999 -9999 -9999 -9999 -9999 -9999 -9999 -9999 -9999 -9999 -9999 -9999 -9999 -9999 -9999 -9999 -9999 8593.45825195312 8323.67712402344 8041.01850043403 7806.63894314236 7106.94444444444 6592.95366753472 7044.82405598958 7886.36111111111 8557.71310763889 8919.37966579861 8831.212890625 8833.40733506944 8781.12977430555 8857.11111111111 8923.31488715278 8820.88888888889 8783.00933159722 8918.06477864583 8993.14832899305 9047.56477864583 8880.9814453125 8485.34255642361 8145.55555555555 8585.64822048611 9066.712890625 9038.88899739583 8948.65733506944 8816.84266493055 8545.17599826389 8857.6943359375 9105.74077690972 9027.88888888889 9075.27777777778 9097.74088541667 9086.60199652778
-9999 -9999 -9999 -9999 -9999 -9999 -9999 -9999 -9999 -9999 -9999 -9999 -9999 -9999 -9999 -9999 -9999 -9999 -9999 -9999 -9999 8499.1669921875 8365.08331298828 8038.0462782118 8001.92605251736 7605.8148328993 7023.56472439236 6805.9814453125 7169.19444444444 7745.68516710069 8647.84266493055 8782.17588975694 8930.67588975694 8933.5556640625 8939.18511284722 8939.25911458333 8940.2685546875 8941.82400173611 8891.00010850694 8864.462890625 9005.28721788194 8979.08333333333 8612.49994574653 8156.712890625 8610.51850043403 8999.26833767361 8982.27766927083 8968.37944878472 8686.64811197917 8284.33344184028 8773.99077690972 8947.28700086805 9065.99989149305 9019.2314453125 9018.16666666667
-9999 -9999 -9999 -9999 -9999 -9999 -9999 -9999 -9999 -9999 -9999 -9999 -9999 -9999 -9999 -9999 -9999 -9999 -9999 -9999 -9999 -9999 8724.2080078125 8429.12966579861 8320.26850043403 8217.38894314236 8031.65733506944 7730.57411024305 7401.37033420139 7289.77777777778 7856.03705512153 8561.51871744792 8739.65733506944 8903.81488715278 8907.12044270833 8937.60177951389 8982.66666666667 8971.76844618055 8958.57411024305 8864.53721788194 8743.53700086805 8836.45377604167 8839.33344184028 8705.01844618055 8145.31488715278 8576.88888888889 8954.11111111111 8987.59255642361 8843.84266493055 8192.47222222222 7805.59261067708 7993.5185546875 8562.72227647569 8776.17588975694 8816.25010850694
-9999 -9999 -9999 -9999 -9999 -9999 -9999 -9999 -9999 -9999 -9999 -9999 -9999 -9999 -9999 -9999 -9999 -9999 -9999 -9999 -9999 -9999 -9999 8648.016796875 8454.47222222222 8599.82400173611 8620.4814453125 8709.42588975694 8699.62955729167 8514.39811197917 8533.86111111111 8533.43522135417 8491.5 8946.05533854167 9043.37033420139 9004.09255642361 9000.037109375 9020.29644097222 9013.79622395833 8965.59266493055 8901.37033420139 8739.09255642361 8564.90744357639 8453.962890625 8434.01866319444 8397.63878038194 8581.70366753472 8795.59266493055 8905.06477864583 8756.31467013889 8342.35183376736 8214.3704969618 7929.09261067708 8076.94439019097 8212.89816623264
-9999 -9999 -9999 -9999 -9999 -9999 -9999 -9999 -9999 -9999 -9999 -9999 -9999 -9999 -9999 -9999 -9999 -9999 -9999 -9999 -9999 -9999 -9999 -9999 8220.81262207031 8065.80560980903 8166.38883463542 8443.962890625 8481.11100260417 8483.87044270833 8494.83344184028 8668.89811197917 8874.19455295139 8521.09255642361 8923.19444444444 9089.13888888889 9073.58344184028 9031.37033420139 9022.71299913194 9012.25911458333 8926.91677517361 8824.24066840278 8658.28721788194 8419.85188802083 8470.92599826389 8394.81477864583 8248.91677517361 8214.87038845486 8588.28700086805 8830.80544704861 8723.33322482639 8306.50922309028 8200.7314453125 8188.46294487847 8605.78700086805
-9999 -9999 -9999 -9999 -9999 -9999 -9999 -9999 -9999 -9999 -9999 -9999 -9999 -9999 -9999 -9999 -9999 -9999 -9999 -9999 -9999 -9999 -9999 -9999 7467.5 6642.98956298828 6021.17594401042 7310.10183376736 8562.17578125 8728.962890625 8920.88899739583 8907.31477864583 8806.15744357639 8935.63888888889 8724.55555555555 8930.22211371528 9092.79622395833 9084.75 9062.62033420139 9016.94422743055 9001.70366753472 8944.83344184028 8838.64822048611 8611.23139105903 8125.93516710069 8339.55555555555 8536.26833767361 8683.03700086805 8655.66677517361 8569.10199652778 8570.95366753472 8743.9814453125 8749.72233072917 8882.4443359375 8931.66677517361
-9999 -9999 -9999 -9999 -9999 -9999 -9999 -9999 -9999 -9999 -9999 -9999 -9999 -9999 -9999 -9999 -9999 -9999 -9999 -9999 -9999 -9999 -9999 -9999 -9999 7349.125 7408.10188802083 5839.52775065104 6631.11111111111 8331.98133680555 8973.287109375 9077.94422743055 8971.75922309028 8935.91666666667 9026.287109375 9013.43522135417 8971.06488715278 9052.55555555555 9096.11121961805 9045.40744357639 9077.17599826389 9077 9040.7314453125 8966.29622395833 8820.79633246528 8510.00922309028 8347.48160807292 8291.48139105903 8348.21294487847 8533.62955729167 8781.92599826389 8970.99077690972 8997.55555555555 8989.12033420139 8973.00010850694
-9999 -9999 -9999 -9999 -9999 -9999 -9999 -9999 -9999 -9999 -9999 -9999 -9999 -9999 -9999 -9999 -9999 -9999 -9999 -9999 -9999 -9999 -9999 -9999 -9999 -9999 7935.51192801339 7312.16661241319 6320.06483289931 6648.92594401042 7222.61111111111 8678.61111111111 9051.27777777778 8955.5 8823.91655815972 8542.50016276042 8959.97222222222 8927.75 9016.11111111111 9031.212890625 9072.212890625 9096.50922309028 9047.38878038194 9045.84266493055 9034.77788628472 8962.56488715278 8880.39811197917 8710.5 8773.00922309028 8922.01866319444 8894.48133680555 8958.51833767361 9064.98155381944 9074.50922309028 9061.03700086805
-9999 -9999 -9999 -9999 -9999 -9999 -9999 -9999 -9999 -9999 -9999 -9999 -9999 -9999 -9999 -9999 -9999 -9999 -9999 -9999 -9999 -9999 -9999 -9999 -9999 -9999 8236.62487792969 7806.61105685764 6998.76850043403 6613.92594401042 6647.60188802083 6781.7962782118 8084.74994574653 8523.91655815972 8537.02766927083 8432.24077690972 8299.63899739583 8783.90749782986 8615.38888888889 8562.18522135417 9015.84255642361 9087.712890625 9039.39811197917 8962.76844618055 8979.23133680555 8934.60188802083 8942.40733506944 8949.99066840278 8889.9443359375 8920.03700086805 8974.47211371528 8840.37966579861 8835.20388454861 8808.10177951389 8981.07421875
-9999 -9999 -9999 -9999 -9999 -9999 -9999 -9999 -9999 -9999 -9999 -9999 -9999 -9999 -9999 -9999 -9999 -9999 -9999 -9999 -9999 -9999 -9999 -9999 -9999 -9999 8319.3330078125 8224.88537597656 7742.75 7295.31477864583 7368.21294487847 7311.62044270833 7499.58333333333 7446.01844618055 7766.93522135417 8127.07405598958 7990.72222222222 8172.88888888889 8621.81477864583 8523.67599826389 8424.20372178819 8719.78700086805 8653.5 8748.25 8841.14832899305 8932.037109375 8981.74066840278 8973.39822048611 8880.11089409722 8620.22222222222 8888.01844618055 8971.86100260417 8827.80544704861 8639.88878038194 8727.47200520833
-9999 -9999 -9999 -9999 -9999 -9999 -9999 -9999 -9999 -9999 -9999 -9999 -9999 -9999 -9999 -9999 -9999 -9999 -9999 -9999 -9999 -9999 -9999 -9999 -9999 -9999 -9999 8558.3333984375 8088.65733506944 7762.03700086805 7711.49066840278 7615.98149956597 7491.44444444444 7625.24077690972 7715.68516710069 7893.5462782118 7716.03705512153 8147.76850043403 8520.68516710069 8512.99066840278 8565.49077690972 8614.89805772569 8888.89800347222 8991.47211371528 8995.50922309028 9041.74099392361 9020.99077690972 8991.68511284722 9017.537109375 8847.98133680555 8697.85188802083 8799 8924.2314453125 8950.51844618055 8810.32400173611
-9999 -9999 -9999 -9999 -9999 -9999 -9999 -9999 -9999 -9999 -9999 -9999 -9999 -9999 -9999 -9999 -9999 -9999 -9999 -9999 -9999 -9999 -9999 -9999 -9999 -9999 -9999 -9999 8403.31237792969 7821.5185546875 7833.81477864583 7940.212890625 7784.32400173611 7841.52777777778 7949.32411024305 8104.77783203125 7741.8148328993 7466.17594401042 7924.07405598958 8205.97222222222 8644.05555555555 8917.45366753472 8943.91666666667 8985.24978298611 8989.52788628472 9032.23133680555 9010.83322482639 8993.13888888889 8987.92610677083 8972.68500434028 8776.67588975694 8662.7314453125 8717.74077690972 8840.92599826389 8964.79633246528
-9999 -9999 -9999 -9999 -9999 -9999 -9999 -9999 -9999 -9999 -9999 -9999 -9999 -9999 -9999 -9999 -9999 -9999 -9999 -9999 -9999 -9999 -9999 -9999 -9999 -9999 -9999 -9999 8586.3330078125 8237.47912597656 7812.42594401042 8037.24072265625 8051.56472439236 8033.59250217014 8064.54633246528 8227.38899739583 8289.59261067708 8238.00933159722 8520.12955729167 8499.47216796875 8414.03700086805 8652.73133680555 8829.60177951389 8888.86121961805 8992.85177951389 9039.60188802083 9043.74077690972 9061.90755208333 9030.25010850694 9008.95377604167 8957.42610677083 8824.35177951389 8699.20366753472 8541.5556640625 8687.31488715278
-9999 -9999 -9999 -9999 -9999 -9999 -9999 -9999 -9999 -9999 -9999 -9999 -9999 -9999 -9999 -9999 -9999 -9999 -9999 -9999 -9999 -9999 -9999 -9999 -9999 -9999 -9999 -9999 -9999 8791.8666015625 8540.13878038194 8238.13894314236 8272.32405598958 8293.55555555555 8420.98149956597 8527.09266493055 8525.8427734375 8392.85177951389 8538.25010850694 8857.89811197917 8656.67599826389 8735.29633246528 8832.48133680555 8736.24088541667 8780.49077690972 8977.48155381944 9049.32411024305 9055.12033420139 9052.96321614583 9053.57400173611 9021.41666666667 8946.50010850694 8871.27777777778 8737.33333333333 8631.59255642361
-9999 -9999 -9999 -9999 -9999 -9999 -9999 -9999 -9999 -9999 -9999 -9999 -9999 -9999 -9999 -9999 -9999 -9999 -9999 -9999 -9999 -9999 -9999 -9999 -9999 -9999 -9999 -9999 -9999 8897.5 8868.24066840278 8839.87966579861 8759.63899739583 8752.02777777778 8678.11121961805 8602.57389322917 8440.23139105903 8496.72222222222 8120.89805772569 8782.75 8728.18532986111 8600.96299913194 8698.48155381944 8900.21299913194 8967.69455295139 8992.37033420139 9026.79644097222 9025.91677517361 9022.05555555555 9021.75933159722 9044.11121961805 9020.99088541667 8906.44444444444 8795.47233072917 8719.81488715278
-9999 -9999 -9999 -9999 -9999 -9999 -9999 -9999 -9999 -9999 -9999 -9999 -9999 -9999 -9999 -9999 -9999 -9999 -9999 -9999 -9999 -9999 -9999 -9999 -9999 -9999 -9999 -9999 -9999 -9999 8919.0712890625 8920.79622395833 8956.33322482639 8919.56477864583 8839.64811197917 8641.11111111111 8202.95372178819 8065.82400173611 7961.38888888889 7978.57400173611 8566.287109375 8426.83327907986 8792.62044270833 8900.19455295139 8928.35188802083 9006.79644097222 9031.462890625 9003.5556640625 8995.75010850694 8993.12022569444 8980.72233072917 8998.36121961805 9001.11121961805 8884.1943359375 8765.37022569444
-9999 -9999 -9999 -9999 -9999 -9999 -9999 -9999 -9999 -9999 -9999 -9999 -9999 -9999 -9999 -9999 -9999 -9999 -9999 -9999 -9999 -9999 -9999 -9999 -9999 -9999 -9999 -9999 -9999 -9999 8952.41666666667 8943.22222222222 8969.38899739583 8955.53700086805 8932.1572265625 8871.25922309028 8634.33344184028 8399.22233072917 8240.66655815972 8003.95377604167 8488.84266493055 8452.54622395833 8240.11116536458 8719.63888888889 8892.52788628472 8958.22222222222 9017.14822048611 9030.62977430555 9017.537109375 9038.59244791667 9032.70377604167 8978.34255642361 8934.24989149305 8947.00922309028 8802.55577256944
-9999 -9999 -9999 -9999 -9999 -9999 -9999 -9999 -9999 -9999 -9999 -9999 -9999 -9999 -9999 -9999 -9999 -9999 -9999 -9999 -9999 -9999 -9999 -9999 -9999 -9999 -9999 -9999 -9999 -9999 8937.111328125 8905.14822048611 8920.83322482639 8939.89822048611 8938.05544704861 8934.56488715278 8812.5 8778.25933159722 8622.62955729167 8446.787109375 8391.56499565972 8548.11111111111 8228.18527560764 8119.39811197917 8471.60188802083 8593.84255642361 8875.64811197917 8954.2314453125 8939.99077690972 8955.56467013889 8997.03678385417 9015.27777777778 9020.0556640625 8968.5185546875 8825.34255642361
-9999 -9999 -9999 -9999 -9999 -9999 -9999 -9999 -9999 -9999 -9999 -9999 -9999 -9999 -9999 -9999 -9999 -9999 -9999 -9999 -9999 -9999 -9999 -9999 -9999 -9999 -9999 -9999 -9999 -9999 -9999 8930.03571428571 8930.09255642361 8946.2314453125 8951.12955729167 8904.56477864583 8803.66666666667 8650.50922309028 8665.75922309028 8598.31477864583 8506.52788628472 8569.85199652778 8555.27777777778 8144 8199.4906141493 8559.16666666667 8560.12966579861 8791.58322482639 8907.66677517361 8880.42599826389 8843.67599826389 8949.68511284722 9053.212890625 9042.41655815972 8930.5556640625
