data/cape_peninsula/rasters90/jan_solar_radiation.asc
NCOLS 225 
NROWS 643 
XLLCORNER 249990 
YLLCORNER 6189390 
CELLSIZE 90 
NODATA_value -9999 
[rows 168 to 191 of 643, columns 0 to 54 of 225]
-9999 -9999 -9999 -9999 -9999 -9999 -9999 -9999 -9999 -9999 -9999 -9999 -9999 -9999 -9999 -9999 -9999 -9999 -9999 -9999 -9999 -9999 -9999 -9999 -9999 -9999 -9999 -9999 -9999 -9999 -9999 -9999 -9999 -9999 -9999 -9999 -9999 -9999 -9999 -9999 8943.18511284722 8814.83322482639 8923.74989149305 8901.71299913194 8507.87955729167 8386.06494140625 8530.74066840278 8610.49066840278 8596.4814453125 8437.29622395833 8362.25922309028 8454.08333333333 8608.02788628472 8684.78700086805 8776.18522135417
-9999 -9999 -9999 -9999 -9999 -9999 -9999 -9999 -9999 -9999 -9999 -9999 -9999 -9999 -9999 -9999 -9999 -9999 -9999 -9999 -9999 -9999 -9999 -9999 -9999 -9999 -9999 -9999 -9999 -9999 -9999 -9999 -9999 -9999 -9999 -9999 -9999 -9999 -9999 8986.66634114583 8925.24077690972 8939.65744357639 8935.02777777778 8941.41655815972 8875.39811197917 8440.41655815972 8325.14816623264 8560.87966579861 8756.27766927083 8656.72233072917 8476.08322482639 8421.71310763889 8518.40744357639 8625.287109375 8755.787109375
-9999 -9999 -9999 -9999 -9999 -9999 -9999 -9999 -9999 -9999 -9999 -9999 -9999 -9999 -9999 -9999 -9999 -9999 -9999 -9999 -9999 -9999 -9999 -9999 -9999 -9999 -9999 -9999 -9999 -9999 -9999 -9999 -9999 -9999 -9999 -9999 -9999 -9999 8987.0830078125 8941.45355902778 8872.62955729167 8979.71299913194 8960.83322482639 8977.08322482639 8948.87033420139 8951.93511284722 8648.53700086805 8557.4443359375 8765.41655815972 8774.212890625 8815.91666666667 8843.52777777778 8814.37033420139 8751.73133680555 8775.34255642361
-9999 -9999 -9999 -9999 -9999 -9999 -9999 -9999 -9999 -9999 -9999 -9999 -9999 -9999 -9999 -9999 -9999 -9999 -9999 -9999 -9999 -9999 -9999 -9999 -9999 -9999 -9999 -9999 -9999 -9999 -9999 -9999 -9999 -9999 -9999 -9999 8907 8902.33333333333 8895.33349609375 8838.58344184028 8799.94444444444 8872.84255642361 8930.25933159722 8983.787109375 8982.92588975694 8892.20377604167 8983.08322482639 8955.51866319444 8758.02777777778 8770.86100260417 8862.36111111111 8837.31477864583 8840.712890625 8858.37022569444 8789.12044270833
-9999 -9999 -9999 -9999 -9999 -9999 -9999 -9999 -9999 -9999 -9999 -9999 -9999 -9999 -9999 -9999 -9999 -9999 -9999 -9999 -9999 -9999 -9999 -9999 -9999 -9999 -9999 -9999 -9999 -9999 -9999 -9999 -9999 8834 8908.85400390625 8870.90266927083 8910.87033420139 8866.74088541667 8804.8056640625 8750.06477864583 8772.52777777778 8817.16666666667 8799.79622395833 8827.19455295139 8842.78721788194 8803.57411024305 8922.35177951389 8899.03689236111 8798.43522135417 8715.85199652778 8756.32411024305 8795.25933159722 8771.99077690972 8846.50911458333 8833
-9999 -9999 -9999 -9999 -9999 -9999 -9999 -9999 -9999 -9999 -9999 -9999 -9999 -9999 -9999 -9999 -9999 -9999 -9999 -9999 -9999 -9999 -9999 -9999 -9999 -9999 -9999 -9999 -9999 -9999 -9999 8766.375 8736.0693359375 8846.75933159722 8947.04622395833 8875.20377604167 8898.50933159722 8811.66655815972 8774.6298828125 8729.40744357639 8743.60177951389 8712.67599826389 8705.02777777778 8717.25933159722 8678.00922309028 8796.59266493055 8885.52777777778 8803.04633246528 8883.89811197917 8959.99088541667 8903.42588975694 8851.18522135417 8781.21299913194 8882.27766927083 8893.81488715278
-9999 -9999 -9999 -9999 -9999 -9999 -9999 -9999 -9999 -9999 -9999 -9999 -9999 -9999 -9999 -9999 -9999 -9999 -9999 9035.5 9035.0333984375 9010.9443359375 -9999 -9999 9005.66666666667 8946.16666666667 8857.8056640625 8868.61100260417 8800.14271763393 8689.36111111111 8628.04622395833 8586.05555555555 8605.08344184028 8890.89811197917 8875.51844618055 8809.17588975694 8935.5 8790.54633246528 8738.56477864583 8634.83322482639 8648.0556640625 8617.32411024305 8664.33344184028 8721.31467013889 8841.54633246528 8886.65744357639 8838.39822048611 8842.09255642361 8862.51844618055 8943.75010850694 8838.44422743055 8913.62033420139 8879.76866319444 8936.21299913194 8961.12033420139
-9999 -9999 -9999 -9999 -9999 -9999 -9999 -9999 -9999 -9999 -9999 -9999 -9999 -9999 -9999 -9999 -9999 -9999 -9999 8896.82156808036 8938.287109375 8963.07411024305 8949.83344184028 8926.2685546875 8936.14822048611 8779.962890625 8672.29622395833 8647.38888888889 8599.5 8663.00933159722 8832.3056640625 8774.56467013889 8978.14822048611 8994.74066840278 8952.06499565972 8956.1572265625 9004.61121961805 8897.62955729167 8705.59266493055 8640.60188802083 8651.68532986111 8613.85177951389 8532.61100260417 8497.54633246528 8718.42599826389 8769.11111111111 8699.94444444444 8861.68522135417 8859.00010850694 8896.6943359375 8902.09255642361 8950.59266493055 8931.57389322917 8987.91666666667 8967
-9999 -9999 -9999 -9999 -9999 -9999 -9999 -9999 -9999 -9999 -9999 -9999 -9999 -9999 -9999 -9999 -9999 -9999 -9999 8748.5 8767.388671875 8855.5 8806.3166015625 8531.33333333333 8425.97222222222 8852.50010850694 8820.08344184028 8634.37033420139 8620.56477864583 8714.712890625 8644.37977430555 8642.94455295139 8815.07400173611 8778.85188802083 8818.82411024305 8933.55555555555 8795.37055121528 8609.0185546875 8526.97233072917 8530.67588975694 8486.82400173611 8302.6019422743 8405.25922309028 8729.52777777778 8585.78689236111 8593.79633246528 8701.30555555555 8919.87977430555 8862.58322482639 8759.25 8922.25933159722 8992.19455295139 8959.86111111111 8978.54622395833 8962.16666666667
-9999 -9999 -9999 -9999 -9999 -9999 -9999 -9999 -9999 -9999 -9999 -9999 -9999 -9999 -9999 -9999 -9999 -9999 -9999 -9999 -9999 -9999 8980.7666015625 8876.61121961805 7894.05560980903 7196.15744357639 7798.00005425347 8553.27766927083 8666.83333333333 8658.20366753472 8649.07411024305 8681.65733506944 8697.9814453125 8743.30555555555 8800.49055989583 8528.92588975694 8267.95361328125 8136.21299913194 8069.25933159722 8243.87972005208 8244.95355902778 8333.6204969618 8661.37977430555 8562.97222222222 8469.05555555555 8563.81488715278 8667.62033420139 8725.94444444444 8862.78700086805 8791.70366753472 8955.90744357639 9002.77777777778 8954.27766927083 8979.52777777778 8956.12044270833
-9999 -9999 -9999 -9999 -9999 -9999 -9999 -9999 -9999 -9999 -9999 -9999 -9999 -9999 -9999 -9999 -9999 -9999 -9999 -9999 -9999 8441 8603.44444444444 8437.41655815972 8428.14800347222 8408.94439019097 8093.62966579861 8188.95361328125 8143.72233072917 8506.787109375 8517.91666666667 8472.10188802083 8303.53716362847 8123.42578125 7728.22222222222 7671.41661241319 7607.44444444444 7750.5648328993 7762.52777777778 7893.24072265625 7411.80560980903 7468.0462782118 8426.84261067708 8616.287109375 8385.24066840278 8590.48155381944 8590.02777777778 8672.37022569444 8827.16677517361 8994.37022569444 8842.20377604167 8959.37044270833 8918.21299913194 8936.24989149305 8964.67599826389
-9999 -9999 -9999 -9999 -9999 -9999 -9999 -9999 -9999 -9999 -9999 -9999 -9999 -9999 -9999 -9999 -9999 -9999 -9999 -9999 -9999 8409.80970982143 8409.70377604167 8413.24989149305 8512.67588975694 8149.8519422743 8038.68516710069 7406.59250217014 7573.80555555555 7836.93516710069 7680.0091688368 7744.61105685764 7595.17588975694 7571.70361328125 7435.82411024305 7066.25927734375 6734.72222222222 5988.62966579861 6087.88888888889 6593.74066840278 7856.462890625 8730.26844618055 8376.87977430555 8178.5185546875 8511.01866319444 8616.61111111111 8606.42588975694 8619.56467013889 8764.14800347222 8889.59266493055 8787.42599826389 8864.75922309028 8896.2685546875 8906.68511284722 8958.55555555555
-9999 -9999 -9999 -9999 -9999 -9999 -9999 -9999 -9999 -9999 -9999 -9999 -9999 -9999 -9999 -9999 -9999 -9999 -9999 -9999 8408.75 8409.212890625 8409.37977430555 8487.39811197917 8462.45377604167 8210.0648328993 7784.18522135417 7177.37033420139 7361.07405598958 6796.787109375 6281.07405598958 6312.77783203125 6515.2314453125 6042.69439019097 6233.537109375 6742.46294487847 6265.43522135417 7149.00911458333 7945.81467013889 8397.19439019097 8870.462890625 8931.81488715278 8562.52777777778 8255.89816623264 8281.61116536458 8563.70366753472 8611.25 8628.08344184028 8733.46299913194 8753.60167100694 8697.82400173611 8821.83311631944 8861.41666666667 8882.17599826389 8955.99055989583
-9999 -9999 -9999 -9999 -9999 -9999 -9999 -9999 -9999 -9999 -9999 -9999 -9999 -9999 -9999 -9999 -9999 -9999 -9999 -9999 8407.72614397321 8408.74989149305 8410.84255642361 8498.287109375 8452.06488715278 8318.81472439236 7724.78705512153 6940.98155381944 6030.74077690972 5526.26852756076 7298.54633246528 7336.77766927083 7316.62961154514 7345.80555555555 7151.3519422743 7135.37033420139 7952.65738932292 8446.43532986111 8539.47200520833 8970.40755208333 9018.85188802083 9005.32389322917 8597.59266493055 8367.25933159722 8223.39816623264 8389.88888888889 8593.70377604167 8624.98155381944 8631.04633246528 8652.89822048611 8570.83333333333 8865.9443359375 8904.69444444444 8980.59266493055 8956.49088541667
-9999 -9999 -9999 -9999 -9999 -9999 -9999 -9999 -9999 -9999 -9999 -9999 -9999 -9999 -9999 -9999 -9999 -9999 -9999 8405.13899739583 8407.21299913194 8408.29622395833 8417.12033420139 8446.42588975694 8159.5091688368 8341.87955729167 8299.30555555555 7979.28700086805 7462.80555555555 6774.37033420139 5870.31486002604 7205.59250217014 8411.7314453125 8138.24077690972 8082.32405598958 8142.89822048611 8063.287109375 7857.93511284722 8182.81488715278 8926.94444444444 9111.19444444444 9113.23133680555 8856.77777777778 8418.00010850694 8310.97211371528 8226.67583550347 8457.71299913194 8597.75933159722 8593.9443359375 8569.212890625 8659.62966579861 8788.24989149305 8878.27777777778 8943.7685546875 8903.02788628472
-9999 -9999 -9999 -9999 -9999 -9999 -9999 -9999 -9999 -9999 -9999 -9999 -9999 -9999 -9999 -9999 -9999 -9999 -9999 8405.1875 8407.33333333333 8408.16655815972 8520.18511284722 8350.35177951389 7866.42594401042 8200.98149956597 7971.5556640625 7465.54633246528 7649.66666666667 6964.44449869792 7459.31467013889 8610.34255642361 9098.7314453125 9091.8056640625 8977.00922309028 8697.66666666667 8318.82405598958 8227.83344184028 8451.39822048611 8711.27777777778 8780.34244791667 8909.71299913194 8975.34255642361 8687.43522135417 8410.49077690972 8209.98149956597 8333.86089409722 8475.31488715278 8577.42599826389 8560.04644097222 8649.12044270833 8642.9814453125 8845.29633246528 8919.30544704861 8968.66655815972
-9999 -9999 -9999 -9999 -9999 -9999 -9999 -9999 -9999 -9999 -9999 -9999 -9999 -9999 -9999 -9999 -9999 -9999 8405.25 8405.16666666667 8407.60188802083 8424.39800347222 8433.99994574653 7974.43522135417 7884.2962782118 8219.99072265625 7580.65744357639 7647.56477864583 7184.87038845486 6807.4906141493 8735.1019422743 9181.14811197917 9170.81488715278 9053.13878038194 8958.37033420139 9077.89822048611 8915.55555555555 8653.74077690972 8711.45388454861 8679.66655815972 8610.40744357639 8597.81477864583 8734.46299913194 8616.13878038194 8656.53700086805 8411.7685546875 8260.86111111111 8245.71299913194 8518.36121961805 8576.65744357639 8655.42599826389 8690.55555555555 8634.24077690972 8848.30555555555 9004.4814453125
-9999 -9999 -9999 -9999 -9999 -9999 -9999 -9999 -9999 -9999 -9999 -9999 -9999 -9999 -9999 -9999 -9999 8406.3330078125 8405.35188802083 8405.27777777778 8407.64811197917 8492.38878038194 8204.99994574653 7841.19444444444 8266.12033420139 7684.50927734375 7571.60188802083 7252.89816623264 6679.41666666667 8411.23155381944 9069.89811197917 9065.88878038194 9094.74066840278 9021.2314453125 8821.38888888889 8928.2685546875 9050.37955729167 9066.10199652778 8986.60177951389 8933.91666666667 8808.50922309028 8603.787109375 8482.91677517361 8600.51844618055 8951.7314453125 8891.60188802083 8289.65744357639 8162.53700086805 8352.38894314236 8611.41688368055 8607.62955729167 8723.27766927083 8533.34244791667 8771.4443359375 8947.74055989583
-9999 -9999 -9999 -9999 -9999 -9999 -9999 -9999 -9999 -9999 -9999 -9999 -9999 -9999 -9999 -9999 -9999 8427.583203125 8416.20377604167 8464.83333333333 8228.5648328993 8368.92594401042 8223.75922309028 8088.98155381944 7908.08333333333 7325.32411024305 7627.25927734375 6994.42594401042 8018.73133680555 9152.08322482639 9148.86121961805 9041.93500434028 9093.1943359375 9152.56477864583 9035.77777777778 8759.12966579861 8827.90755208333 9042.64822048611 9118.40744357639 9119.46299913194 9125.8056640625 9092.57411024305 8978.77777777778 8952.20377604167 8911.37044270833 8886.62955729167 8390.34261067708 8218.47227647569 8448.19444444444 8590.43522135417 8604.32400173611 8602.94455295139 8595.5 8708.09255642361 8830.06488715278
-9999 -9999 -9999 -9999 -9999 -9999 -9999 -9999 -9999 -9999 -9999 -9999 -9999 -9999 -9999 -9999 8590.9443359375 8420.6204969618 8086.88899739583 8295.55560980903 8273.5277235243 8283.34261067708 8413.75922309028 7891.40738932292 7398.5648328993 7478.69444444444 6760.23149956597 6796.87955729167 7924.94439019097 8955.92594401042 9154.61111111111 9151.6943359375 9171.37966579861 9112.91644965278 9021.61111111111 8973.34266493055 8719.00922309028 8852.91677517361 9124.26866319444 9119.95377604167 9137.13899739583 9112.58322482639 9107.47222222222 9119.37966579861 9051.82400173611 8857.99088541667 8549.23155381944 8444.68522135417 8394.35199652778 8444.212890625 8697.08322482639 8610.19444444444 8638.12955729167 8561.32378472222 8653.53700086805
-9999 -9999 -9999 -9999 -9999 -9999 -9999 -9999 -9999 -9999 -9999 -9999 -9999 -9999 -9999 8695 8592.67712402344 8652.57411024305 8614.41644965278 8530.09255642361 8364.82400173611 8193.16672092014 7907.29638671875 7944.91672092014 7235.63878038194 7419.11105685764 7254.50927734375 7157.37966579861 6926.53705512153 7283.49083116319 8486.90733506944 8953.20377604167 9048.32411024305 9078.13878038194 9062.24088541667 8957.05555555555 8778.99967447917 8913.66655815972 9077.49989149305 9103.84244791667 9074.361328125 9057.47222222222 9084.287109375 9069.78700086805 9052.17588975694 9032.30544704861 8838.71299913194 8456.60177951389 7923.02777777778 8166.94439019097 8397.37027994792 8580.92599826389 8637.62033420139 8442.56488715278 8493.287109375
-9999 -9999 -9999 -9999 -9999 -9999 -9999 -9999 -9999 -9999 -9999 -9999 -9999 -9999 -9999 8551.9443359375 8381.56477864583 8643.87022569444 8673.00922309028 8575.23155381944 8346.74050564236 7893.56477864583 7580.65744357639 7033.38888888889 6815.02766927083 6843.24989149305 7697.26844618055 7805.16666666667 7494.9814453125 7087.37038845486 6553.87966579861 7291.01844618055 8587.25016276042 8833.00021701389 8812.89811197917 8881.68522135417 8971.26866319444 8952.92588975694 8937.97211371528 8910.45366753472 8885.71310763889 9012.1572265625 9023.25911458333 8956.39811197917 8933.48133680555 8729.10177951389 7698.3148328993 6774.11111111111 7128.34261067708 7797.22216796875 8257.25922309028 8018.99077690972 8331.22233072917 8249.29622395833 8354.18511284722
-9999 -9999 -9999 -9999 -9999 -9999 -9999 -9999 -9999 -9999 -9999 -9999 -9999 -9999 -9999 8249 7901.82293701172 8018.16666666667 8501.212890625 8453.53689236111 8357.2685546875 8188.24077690972 7928.84261067708 7434.68532986111 7350.88878038194 7800.7591688368 8294.48160807292 8289.65733506944 8073.9443359375 7543.51850043403 6984.93527560764 6670.30550130208 6037.55560980903 7172.89805772569 8012.38894314236 8347.50005425347 8562.73149956597 8577.61121961805 8650.29644097222 8719.92599826389 8829.75 8941.86121961805 8964.57400173611 8791.037109375 8540.05533854167 8226.24083116319 7489.69439019097 7303.40744357639 7379.34261067708 7453.54633246528 7883.34261067708 7624.00933159722 7474.50922309028 8005.42588975694 8311.93505859375
-9999 -9999 -9999 -9999 -9999 -9999 -9999 -9999 -9999 -9999 -9999 -9999 -9999 -9999 -9999 -9999 7731.58349609375 7178.95831298828 7262.24072265625 7654.24072265625 7375.5 6358.16677517361 5786.83338758681 5387.75005425347 4520.03719075521 5566.68516710069 6887.86111111111 7541.88894314236 6911.787109375 7259.95372178819 7459.52777777778 7125.12961154514 6930.70366753472 6841.21294487847 7410.21294487847 7866.58327907986 8042.39822048611 8251.66677517361 8388.44455295139 8778.25010850694 8862.23166232639 8859.41666666667 8867.57411024305 8717.16677517361 8684.47222222222 8117.38878038194 7148.66672092014 7916.26844618055 8222.43527560764 8128.05544704861 7895.75927734375 8001.64811197917 8006.10177951389 8176.7777235243 8437.99072265625
