data/cape_peninsula/rasters90/jul_solar_radiation.asc
NCOLS 225 
NROWS 643 
XLLCORNER 249990 
YLLCORNER 6189390 
CELLSIZE 90 
NODATA_value -9999 
[rows 144 to 167 of 643, columns 165 to 219 of 225]
2926.27780490451 3137.48149956597 3279.11111111111 3297.91666666667 3329.96294487847 3310.98147243924 3349.75 3345.60188802083 3320.15738932292 3337.81483289931 3358.93516710069 3368.37038845486 3245.32405598958 3235.31480577257 3238.92591688368 3265.33333333333 3294.12963867188 3274.27775065104 3281.84258355035 3316.37038845486 3318.70369466146 3316.69441731771 3331.42597113715 3332.45369466146 3331.59258355035 3322.09258355035 3324.57408311632 3333.82405598958 3323.84261067708 3266.68522135417 3303.84261067708 3292.02780490451 3297.70369466146 3313.64811197917 3345.54635959201 3332.28700086806 3327.24997287326 3348.43516710069 3350.94444444444 3323.70369466146 3307.54630533854 3306.09258355035 3321.92591688368 3345.17591688368 3351.44444444444 3348.71299913194 3338.59261067708 3337.81480577257 3362.64816623264 3393.6481391059 3369.31483289931 3378.39819335938 3396.94447157118 3407.85188802083 3399.72222222222
2981.31483289931 3096.48149956597 3267.56486002604 3398.65741644965 3470.93519422743 3511.65741644965 3474.74074978299 3391.67594401042 3438.51850043403 3376.80560980903 3369.57408311632 3358.21297200521 3327.70364040799 3311.02777777778 3296.75927734375 3301.08333333333 3286.98149956597 3252.12961154514 3286.37038845486 3305.23147243924 3314.81477864583 3286.82408311632 3294.91663953993 3311.17588975694 3323.05558268229 3319.06480577257 3312.30558268229 3309.12961154514 3342.84261067708 3358.65741644965 3327.12966579861 3335.37036132812 3343.66663953993 3351.75927734375 3333.78705512153 3326.13888888889 3346.87963867188 3338.34261067708 3336.91663953993 3345.38888888889 3353.38891601562 3352.53700086806 3350.66666666667 3360.84263780382 3345.66666666667 3314.27777777778 3328.91666666667 3353.05558268229 3352.50002712674 3358.09255642361 3395.67594401042 3383.73149956597 3363.09258355035 3365.65747070312 3355.62036132812
3029.25002712674 3054.78700086806 3144.98147243924 3318.14811197917 3417.78702799479 3473.49077690972 3576.65736219618 3613.98149956597 3427.92594401042 3434.04627821181 3388.1295844184 3361.13886176215 3322.50927734375 3277.50002712674 3272.22222222222 3273.33333333333 3266.48149956597 3270.70369466146 3272.04625108507 3311.37963867188 3320.5833062066 3306.82408311632 3311.96299913194 3328.28705512153 3337.50925021701 3345.24074978299 3358.12961154514 3355.15741644965 3309.08333333333 3245.58336046007 3282.13888888889 3317.33333333333 3342.68513997396 3338.34261067708 3333.29630533854 3336.40738932292 3318.88883463542 3324.20369466146 3327.69441731771 3354.47224934896 3351.77777777778 3348.88891601562 3349.97222222222 3344.54630533854 3328.06480577257 3349.33333333333 3329.52777777778 3327.43516710069 3349.87033420139 3360.33338758681 3350.59258355035 3325.60183376736 3327.53702799479 3336.24074978299 3353.26850043403
2996.04627821181 2974.29633246528 3074.78702799479 3182.02777777778 3283.65741644965 3349.04630533854 3378.45372178819 3493.68519422743 3542.37036132812 3454.13883463542 3407.91666666667 3357.89819335938 3317.79627821181 3302.21294487847 3287.90741644965 3265.40738932292 3261.57405598958 3254.17594401042 3244.95369466146 3283.95366753472 3319.03702799479 3325.29630533854 3291.07405598958 3319.19441731771 3330.79630533854 3314.42594401042 3340.78702799479 3391.00925021701 3354.12961154514 3338.31480577257 3299.12036132812 3308.49997287326 3333.30552842882 3354.47222222222 3336.87036132812 3331.34258355035 3350.65741644965 3365.84261067708 3356.98141818576 3352.09258355035 3320.14816623264 3310.19441731771 3323.44439019097 3315.68519422743 3335.21297200521 3326.86111111111 3327.72222222222 3324.26850043403 3305.83333333333 3308.01852756076 3313.71294487847 3317.69447157118 3285.40741644965 3271.40741644965 3288.40744357639
2894.59261067708 2927.57411024306 2902.29627821181 2930.78702799479 3040.26850043403 3178.25 3243.73147243924 3352.13888888889 3399.62966579861 3457.99072265625 3363.78705512153 3323.98147243924 3314.95372178819 3291.27775065104 3265.23149956597 3257.54627821181 3250.36111111111 3275.56483289931 3255.22219509549 3246.84261067708 3279.47222222222 3312.21294487847 3304.24077690972 3290.20372178819 3297.77780490451 3304.18516710069 3310.94444444444 3333.18522135417 3356.50925021701 3346.35183376736 3326.04630533854 3337.95369466146 3306.67591688368 3309.22222222222 3332.75 3349.04630533854 3353.45372178819 3325.48149956597 3328.80555555556 3318.61113823785 3346.48147243924 3354 3329.86111111111 3335.74997287326 3323.82408311632 3334.45369466146 3341.47224934896 3330.87963867188 3333.27780490451 3325.24074978299 3325.91666666667 3328.16666666667 3344.32405598958 3337.50927734375 3333.88886176215
2947.88888888889 2947.25925021701 2941.25 2950.46299913194 2967.50925021701 2980.07408311632 3090.48147243924 3085.28702799479 3277.44444444444 3308.97224934896 3288.90741644965 3271.11108398438 3275.34261067708 3275.4166937934 3281.90741644965 3260.98147243924 3257.49074978299 3237.77777777778 3243.59261067708 3239.71297200521 3271.44447157118 3293.77780490451 3335.60180664062 3347.29627821181 3322.68516710069 3309.6018608941 3331.96299913194 3327.73147243924 3354.41663953993 3362.53702799479 3347.29630533854 3357.68516710069 3307 3310.24072265625 3334.52775065104 3329.08333333333 3300.3518608941 3319.41666666667 3326.0185546875 3344.53705512153 3342.42588975694 3308.84258355035 3310.37036132812 3316.26852756076 3337.8704155816 3342.79625108507 3318.04630533854 3325.95372178819 3327.50925021701 3329.47222222222 3327.57411024306 3345.28705512153 3333.11111111111 3314.32408311632 3302.79627821181
2978.94441731771 2968.75002712674 2982.83336046007 3064.34258355035 3045.26850043403 2975.61105685764 2976.49072265625 2987.29627821181 3064.66663953993 3231.82411024306 3276.87961154514 3294.77772352431 3304.03702799479 3308.45369466146 3277.69447157118 3274.21297200521 3275.15744357639 3306.54633246528 3323.59258355035 3274.33333333333 3271.34258355035 3301.11105685764 3323.76852756076 3350.34255642361 3364.22224934896 3351.48149956597 3325.74074978299 3318.25925021701 3321.55555555556 3344.12961154514 3337.81480577257 3389.3981391059 3347.70369466146 3349.11111111111 3327.96299913194 3328.80558268229 3337.13886176215 3349.34258355035 3352.79627821181 3346.43516710069 3343.17591688368 3411.29630533854 3506.00002712674 3445.6018608941 3462.09258355035 3392.75 3383.20372178819 3359.74997287326 3356.53702799479 3356.52772352431 3359.61111111111 3357.00005425347 3383.58338758681 3376.29630533854 3341.38888888889
2961.63888888889 3007.06480577257 2948.53702799479 2857.44447157118 2862.37038845486 2889.86111111111 2853.25927734375 2926.83333333333 2934.46297200521 3051.25927734375 3183.45369466146 3267.14819335938 3305.3981391059 3295.82408311632 3299.51852756076 3317.65741644965 3317.7314453125 3354.5833062066 3365.42594401042 3345.57405598958 3299.46297200521 3311.29630533854 3307.94444444444 3291.54630533854 3312.80552842882 3350.26852756076 3336.81480577257 3321.88888888889 3304.98152669271 3300.02777777778 3324.24072265625 3400.37963867188 3323.62966579861 3318.96297200521 3333.46294487847 3328.90741644965 3341.37963867188 3345.71291775174 3315.07405598958 3310.05555555556 3298.78700086806 3240.1666937934 3189.78705512153 3233.61108398438 3211.84258355035 3324.31480577257 3376.19447157118 3396.09261067708 3373.81480577257 3355.01852756076 3359.11108398438 3354.58333333333 3358.53705512153 3377.36111111111 3354.35183376736
2979.0833062066 2753.36111111111 2734.37038845486 2840.68519422743 2856.00927734375 2841.50922309028 2903.6481391059 2961.69444444444 2962.95372178819 3022.06480577257 3183.91666666667 3247.03702799479 3291.12963867188 3303.11108398438 3299.05552842882 3307.45369466146 3320.71294487847 3352.14816623264 3349.91672092014 3374.99074978299 3361.32408311632 3335.76852756076 3347.18519422743 3330.46294487847 3299.72216796875 3293.80552842882 3319.19444444444 3338.79630533854 3323.87963867188 3302.12038845486 3310.5185546875 3193.8518608941 3310.18519422743 3300.24997287326 3304.52775065104 3321.27777777778 3323.47222222222 3348.68519422743 3354.40741644965 3339.38886176215 3347.25 3358.96297200521 3355.90738932292 3340.66666666667 3358 3342.94444444444 3323.78702799479 3316.79630533854 3331.24074978299 3336.02775065104 3328.99074978299 3345.61111111111 3353.36108398438 3322.91661241319 3357.75
3056.57408311632 2898.92594401042 2831.87036132812 2742.12961154514 2796.94441731771 2936.24074978299 3024.53702799479 3067.60188802083 3086.28702799479 3041.98147243924 3106.17591688368 3217.02777777778 3263.68519422743 3294.99997287326 3295.30555555556 3299.13888888889 3325.77772352431 3309.81477864583 3344.1481391059 3352.11111111111 3359.24997287326 3365.69444444444 3376.8333062066 3362.22224934896 3349 3341.97222222222 3335.34261067708 3325.52775065104 3348.09258355035 3338.85183376736 3330.96297200521 3404.31480577257 3362.32411024306 3322.76852756076 3324.25 3312.00927734375 3186.68516710069 3235.1481391059 3297.80558268229 3309.06483289931 3337.69447157118 3337.37036132812 3313.87038845486 3334.00925021701 3346.58333333333 3351.47224934896 3338.04630533854 3351.55555555556 3335.82405598958 3311.32408311632 3311.39816623264 3304.09261067708 3281.30558268229 3310.10183376736 3344.22219509549
3408.65741644965 3104.08336046007 3147.69444444444 3091.71294487847 3038.76852756076 3079.56483289931 3168.84263780382 3203.67591688368 3200.49074978299 3195.97222222222 3193.09258355035 3227.13888888889 3284.64816623264 3292.59261067708 3301.76847330729 3290.87966579861 3278.47227647569 3289.05558268229 3305.91663953993 3326.76850043403 3321.32408311632 3321.58336046007 3313.3518608941 3334.91666666667 3341.27777777778 3351.08333333333 3341.80558268229 3328.30552842882 3313.54627821181 3340.95369466146 3344.89811197917 3296.24074978299 3318.03708224826 3327.88891601562 3335.32405598958 3347.68519422743 3430.71297200521 3273.65738932292 3393.85183376736 3400.87963867188 3353.83333333333 3355.8981391059 3340.71294487847 3361.51852756076 3340.02780490451 3319.87961154514 3348.3981391059 3351.3981391059 3329.26852756076 3351.61111111111 3356.5 3342.71294487847 3325.55552842882 3333.02780490451 3310.21294487847
3521.67594401042 3619.50922309028 3136.93519422743 3186.03705512153 3231.79630533854 3249.38891601562 3243.16663953993 3237.63891601562 3239.13886176215 3254.63888888889 3258.09252929688 3268.22219509549 3271.37963867188 3289.52780490451 3291.90738932292 3286.54627821181 3276.4166937934 3265.80552842882 3273.87036132812 3278.92591688368 3310.58333333333 3298.67591688368 3289.07408311632 3315.5 3337.61111111111 3347.03705512153 3339.58333333333 3316.23149956597 3316.59258355035 3304.59258355035 3317.39811197917 3299.8333062066 3335.09258355035 3345.77780490451 3340.14816623264 3336.03702799479 3368.23149956597 3533.79630533854 3374.0833062066 3339.21294487847 3353.96294487847 3337.0185546875 3353.75922309028 3352.62963867188 3349.00925021701 3352.01852756076 3357.21294487847 3355.14811197917 3357.04630533854 3359.37966579861 3355.75 3358.56480577257 3352.52780490451 3350.8518608941 3348.83336046007
3387.53705512153 3336.05555555556 3385.90741644965 3196.68516710069 3255.07402886285 3310.90741644965 3291.53702799479 3266.87963867188 3265.44444444444 3248.49997287326 3252.34261067708 3280.2314453125 3303.12966579861 3303.09261067708 3303.46294487847 3288.8518608941 3294.76850043403 3296.04630533854 3263.97222222222 3280.06483289931 3292.45372178819 3302.95372178819 3306.01850043403 3306.40736219618 3343.8518608941 3338.78702799479 3318.59261067708 3317.59261067708 3336.48147243924 3330.68516710069 3318.37963867188 3306.34261067708 3346.04630533854 3357 3361.28700086806 3336.94444444444 3373.07408311632 3319.52780490451 3339.51852756076 3353.78705512153 3346.97222222222 3341.6481391059 3323.54630533854 3313.88891601562 3319.37038845486 3346.79630533854 3350.09255642361 3354.00002712674 3366.74074978299 3341.80558268229 3333.9166937934 3330.04627821181 3353.29630533854 3357.62038845486 3361.46294487847
3377.34261067708 3471.87036132812 3521.58333333333 3366.3981391059 3328.73147243924 3304.86111111111 3293.16666666667 3257.84261067708 3262.36108398438 3292.56486002604 3300.30555555556 3271.24997287326 3274.80552842882 3281.85183376736 3289.4166937934 3278.11111111111 3278.70372178819 3294.82411024306 3314.04627821181 3307.97219509549 3323.62033420139 3349.20372178819 3342.79627821181 3339.21294487847 3325.11108398438 3304.63888888889 3308.04630533854 3324.97224934896 3318.31480577257 3360.26850043403 3369.25925021701 3350.00922309028 3337.65736219618 3360.1481391059 3344.18513997396 3344.12036132812 3347.83333333333 3365.0185546875 3362.36105685764 3361.51858181424 3333.49072265625 3341.95372178819 3338.75002712674 3348.38886176215 3346.51852756076 3323.40744357639 3351.37038845486 3339.09261067708 3332.51852756076 3323.13888888889 3311.38888888889 3328.66666666667 3351.97222222222 3352.77775065104 3337.20374891493
3387.80555555556 3383.26852756076 3431.36108398438 3419.96297200521 3278.6295844184 3302.84258355035 3265.36108398438 3270.96291775174 3276.02777777778 3287.00925021701 3284.01850043403 3287.47224934896 3274.11111111111 3272.24074978299 3283.73149956597 3304.75002712674 3295.98152669271 3264.25930447049 3309.90738932292 3336.61111111111 3331.73147243924 3346.99072265625 3366.48152669271 3368.09258355035 3345.06480577257 3332.09258355035 3326.85183376736 3328.65741644965 3346.08333333333 3343.66666666667 3354.74072265625 3346.87961154514 3345.98147243924 3347.51852756076 3354.05555555556 3343.3518608941 3325.78705512153 3331.52777777778 3331.42594401042 3347.48147243924 3367.32408311632 3357.87963867188 3359.94447157118 3352.98147243924 3352.37036132812 3337.53705512153 3317.85188802083 3321.00925021701 3326.6018608941 3341.65738932292 3326.55558268229 3348.22227647569 3355.65741644965 3354.16666666667 3331.16666666667
3390.70372178819 3388.81480577257 3406.52777777778 3449.56480577257 3306.12036132812 3247.92594401042 3264.25922309028 3271.78702799479 3260.17591688368 3281.30552842882 3292.98149956597 3288.53702799479 3273 3278.66666666667 3296.55555555556 3303.27780490451 3300.3333062066 3330.66666666667 3321.83333333333 3309.78705512153 3320.26852756076 3328.80555555556 3378.98147243924 3397.12033420139 3377.64816623264 3347.75 3342.55558268229 3343.86111111111 3347.74069552951 3344.1481391059 3351.22222222222 3354.22222222222 3335.99072265625 3331.85183376736 3319.74074978299 3348.01850043403 3348.87961154514 3329.81480577257 3329.24077690972 3339.5 3373.28702799479 3381.84261067708 3358.30555555556 3336.74994574653 3349.22219509549 3359.09258355035 3341.93519422743 3316.63891601562 3333.51852756076 3353.77780490451 3345.71297200521 3350.57408311632 3356.92597113715 3356.82408311632 3350.54630533854
3421.62966579861 3421.74997287326 3386.63888888889 3385.52777777778 3370.82405598958 3217.54630533854 3192.32405598958 3222.21294487847 3300.8518608941 3300.03705512153 3286.39816623264 3288.38888888889 3311.54633246528 3333.41666666667 3317.06483289931 3282.64811197917 3296.49072265625 3286.70374891493 3296.43516710069 3317.80555555556 3312.81483289931 3327.80558268229 3344.12038845486 3356.96297200521 3362.94444444444 3334.30555555556 3328.77777777778 3340.73149956597 3335.70372178819 3346.33333333333 3341.17591688368 3320.63891601562 3331.16666666667 3337.35188802083 3346.25927734375 3356.23147243924 3318.76852756076 3171.37961154514 3325.71297200521 3353.48147243924 3355.02777777778 3367.8704155816 3353.54627821181 3349.80555555556 3350.60188802083 3344.42594401042 3314.90741644965 3333.56480577257 3351.62963867188 3357.51852756076 3361.76852756076 3350.57408311632 3338.67591688368 3311.92591688368 3342.48147243924
3386.99997287326 3355.25927734375 3404.52777777778 3463.63886176215 3548.69444444444 3394.37036132812 3220.37036132812 3168.43513997396 3255 3291.92586263021 3303.27777777778 3306.00925021701 3289.47219509549 3300.59258355035 3315.16672092014 3327.29630533854 3314.98149956597 3319.37033420139 3311.75 3308 3303.03700086806 3303.40741644965 3306.31480577257 3320.98149956597 3322.29630533854 3319.11111111111 3324.66666666667 3329.75925021701 3343.47224934896 3356.32408311632 3367.04630533854 3373.80558268229 3354.69444444444 3339.20372178819 3358.49072265625 3342.25 3347.00925021701 3465.79630533854 3365.28702799479 3351.42588975694 3357.15744357639 3343.76852756076 3331.83333333333 3323.10183376736 3314.03700086806 3314.51850043403 3309.63886176215 3307.88886176215 3304.82408311632 3317.94447157118 3350.88891601562 3323.41666666667 3315.96297200521 3345.63886176215 3355.13888888889
3361.03702799479 3365.23149956597 3380.86108398438 3407.96297200521 3411.47222222222 3478.5 3398.3981391059 3284.49997287326 3234.38891601562 3273.48147243924 3274.67594401042 3272.79627821181 3251.30552842882 3249.96299913194 3289.18516710069 3312.08336046007 3341.21297200521 3312.37963867188 3306.8981391059 3308.72216796875 3319.99997287326 3310.93519422743 3298.31483289931 3293.56480577257 3326.20366753472 3329.46294487847 3309.44444444444 3324.71297200521 3352.47219509549 3365.16672092014 3368.42591688368 3382.38886176215 3366.96294487847 3355.82408311632 3333.40741644965 3311.66666666667 3220.16663953993 3315.99072265625 3278.13888888889 3298.53702799479 3325.96294487847 3322.02775065104 3311.18516710069 3315.3518608941 3315.57405598958 3323.76852756076 3330.66666666667 3348.69441731771 3347.74074978299 3320.12966579861 3308.49072265625 3325.24997287326 3334.22222222222 3322.81477864583 3315.00927734375
3323.31483289931 3332.79630533854 3328.76852756076 3320.72222222222 3358.44444444444 3419.01850043403 3471.6018608941 3343.98149956597 3264.57408311632 3244.88883463542 3220.80558268229 3242.54627821181 3232.48147243924 3278.82405598958 3306.01852756076 3326.75002712674 3350.1018608941 3330.24072265625 3309.79627821181 3301.18516710069 3307.77777777778 3301.61108398438 3294.48149956597 3286.7314453125 3337.09261067708 3362.91666666667 3354.62036132812 3328.46297200521 3323.93519422743 3346.23149956597 3347.78702799479 3356.73149956597 3360.33327907986 3353.32408311632 3357.80555555556 3365.47222222222 3437.03705512153 3355.44444444444 3328.20374891493 3330.11111111111 3326.51847330729 3344.34263780382 3330.97222222222 3334.98149956597 3332.88891601562 3315.82405598958 3342.82402886285 3333.85188802083 3336.7314453125 3320.4166937934 3334.68519422743 3318.92591688368 3310.32408311632 3326.04627821181 3333.21294487847
3310.09258355035 3335.83336046007 3338.63888888889 3342.1481391059 3333.38888888889 3297.71297200521 3321.06483289931 3374.40741644965 3200.12963867188 3110.34261067708 3111.01852756076 3170.02777777778 3271.81483289931 3338.41666666667 3350.64819335938 3358.98149956597 3322.39811197917 3326.35188802083 3309.71294487847 3297.15741644965 3307.3333062066 3332.13888888889 3312.59261067708 3313.12963867188 3313.94444444444 3353.53700086806 3332.74074978299 3343.58333333333 3331.84258355035 3314.12963867188 3326.54627821181 3341.57405598958 3355.30552842882 3341.44444444444 3339.76852756076 3360.86111111111 3354.44441731771 3353.65744357639 3359.77780490451 3348.05552842882 3353.16666666667 3349.75927734375 3349.13886176215 3340.93519422743 3325.8981391059 3313.85183376736 3334.61108398438 3321.75002712674 3310.5 3348.86113823785 3351.05555555556 3352.48147243924 3351.24072265625 3345.75 3346.37961154514
3338.19444444444 3356.13891601562 3363.80552842882 3384.55555555556 3390.25927734375 3411.54633246528 3420.00927734375 3457.86108398438 3444.01852756076 3345.42588975694 3296.06483289931 3232.59258355035 3340.46294487847 3355.62036132812 3345.81486002604 3385.95372178819 3414.12038845486 3390.85188802083 3318.41666666667 3304.16663953993 3306.93516710069 3291.87033420139 3299.60183376736 3306.74997287326 3310.12038845486 3338.56483289931 3343.49069552951 3348.21297200521 3346.82405598958 3317.24074978299 3307.51850043403 3309.99072265625 3332.77772352431 3339.17594401042 3321.88891601562 3328.99994574653 3345.96297200521 3367.90741644965 3379.50927734375 3374.47224934896 3351.27780490451 3344.47227647569 3352.14816623264 3357.27777777778 3370.80558268229 3366.56480577257 3331.22222222222 3352.17594401042 3357.00925021701 3340.23147243924 3325.42594401042 3308.52775065104 3306.87036132812 3315.44444444444 3317.27777777778
3395.73147243924 3377.05550130208 3401.78702799479 3403.28702799479 3412.27777777778 3430.21297200521 3469.24072265625 3505.99997287326 3559.10183376736 3581.02780490451 3452.38891601562 3344.04627821181 3317.63888888889 3327.41666666667 3312.09255642361 3275.77775065104 3257.45369466146 3318.29630533854 3340.74074978299 3312.20369466146 3305.68519422743 3314.04630533854 3309.52777777778 3317.71299913194 3347.09258355035 3338.76852756076 3341.25922309028 3332.24997287326 3333.36108398438 3312.24997287326 3302.56477864583 3322.68522135417 3338.88888888889 3357.47219509549 3356.42591688368 3357.94447157118 3405.79627821181 3350.80558268229 3382.77780490451 3366.54633246528 3353.50927734375 3358.39819335938 3354.59258355035 3357.00927734375 3363.47222222222 3370.53702799479 3348.72222222222 3322.34258355035 3300.79627821181 3319.74072265625 3338.68516710069 3349.8518608941 3343.26852756076 3331.87033420139 3332.96297200521
3422.86111111111 3345.22219509549 3295.84263780382 3299.03705512153 3302.24077690972 3317.48149956597 3314.24074978299 3341.96297200521 3348.99069552951 3340.0833062066 3422.95369466146 3343.50005425347 3187.8518608941 3199.5833062066 3226.46297200521 3282.92594401042 3317.77777777778 3336.09258355035 3330.92591688368 3302.8518608941 3308.21299913194 3312.3981391059 3334.30555555556 3343.55552842882 3333.62963867188 3336.17591688368 3332.9814453125 3319.74072265625 3316.37963867188 3331.16666666667 3315.25925021701 3302.8981391059 3312.3518608941 3325.42591688368 3351.03705512153 3331.37963867188 3348.40736219618 3338.9166937934 3332.00925021701 3345.74077690972 3338.6666937934 3339.54627821181 3354.87963867188 3329.57405598958 3340.32405598958 3354.15741644965 3336.49074978299 3319.54627821181 3348.72219509549 3342.81477864583 3332.44441731771 3319.38891601562 3309.71297200521 3297.90741644965 3284.85188802083
