data/cape_peninsula/rasters90/jul_solar_radiation.asc
NCOLS 225 
NROWS 643 
XLLCORNER 249990 
YLLCORNER 6189390 
CELLSIZE 90 
NODATA_value -9999 
[rows 168 to 191 of 643, columns 110 to 164 of 225]
3755.17594401042 3755.09258355035 3583.18516710069 3080.7314860026 1600.91664632161 1871.03704155816 3069.33333333333 3014.14822048611 2082.38886176215 1352.30554877387 1473.05555555556 1317.82410346137 1468.52777777778 2046.82409667969 2731.12962510851 2824.86111111111 2901.19449869792 3163.68519422743 3421.79633246528 3293.0833062066 3076.28702799479 2969.74069552951 2936.41666666667 3006.91666666667 3079.74077690972 3229.04627821181 3332.58336046007 3493.46294487847 3786.07405598958 3924.1018608941 3713.16666666667 3249.60180664062 3002.22219509549 3147.74077690972 3327.14811197917 3170.75 3131.36111111111 3222.21299913194 3355.48149956597 3329.0833062066 3285.8795844184 3367.76852756076 3399.77775065104 3360.74997287326 3376.05552842882 3361.8518608941 3366.15738932292 3369.79630533854 3385.05555555556 3350.48147243924 3400.68519422743 3439.96297200521 3443.43519422743 3447.90738932292 3384.47222222222
3290.48149956597 3392.77780490451 3093.96302625868 2225.15743001302 2491.6852077908 2209.62963867188 1195.38888888889 2073.20368109809 2649.77780490451 2608.7499593099 2052.52775065104 1271.62961832682 1091.54629177517 1025.69444444444 1466.43518744575 2121.53702799479 2294.83333333333 2266.46295844184 2329.11113823785 2438.06483289931 2625.42591688368 2786.44441731771 2830.07402886285 2911.84258355035 3084.03700086806 3199.56486002604 3457.62036132812 3705.54627821181 3755.59258355035 3797.32405598958 3934.9166937934 3992.48147243924 3704.97222222222 3231.3518608941 3143.91666666667 3280.54633246528 3163.18516710069 3080.72224934896 3204.04630533854 3363.25925021701 3252.42591688368 3240.03702799479 3264.59255642361 3344.09255642361 3347.90738932292 3372.29633246528 3366.11111111111 3362.75925021701 3342.60183376736 3260.72222222222 3422.50927734375 3368.75 3377.05552842882 3352.95369466146 3282.77777777778
3128.50927734375 2546.63892957899 2074.99079725477 2642.00922309028 3451.22219509549 3864.93516710069 4389.5 3890.75925021701 4136.22214084201 4657.5461968316 4548.68522135417 3951.28702799479 3341.18515353733 2406.49998643663 1735.8981391059 2062.82406955295 2423.18519422743 2401.47224934896 2285.24076334635 2517.89816623264 2737.10183376736 2938.3333062066 3151.67594401042 3301.52775065104 3370.52780490451 3577.57405598958 3683.17591688368 3657.98149956597 3596.13886176215 3552.78708224826 3586.19447157118 3717.93519422743 3856.35188802083 3904.99074978299 3767.87963867188 3627.37966579861 3568.8981391059 3444.80558268229 3288.10180664062 3308.31483289931 3239.8981391059 3133.19447157118 3191.05558268229 3248.02777777778 3289.00005425347 3321.68519422743 3318.36111111111 3329.01850043403 3331.47222222222 3348.62038845486 3415.63888888889 3364.3518608941 3352.77777777778 3340.87961154514 3334.61108398438
3221.8981391059 2219.78705512153 1255.1944647895 1173.52777099609 2050.20370822483 3171.14819335938 3946.84258355035 4608.41666666667 4525.24997287326 4039.68522135417 3906.30558268229 4085.76847330729 3998.31480577257 3662.34263780382 2959.42594401042 2456.08333333333 2777.98149956597 2869.01852756076 2978.03702799479 3081.19447157118 3155.44447157118 3280.29627821181 3484.34261067708 3603.20369466146 3671.93519422743 3648.31483289931 3644.19447157118 3655.57408311632 3512.49997287326 3376.75002712674 3359.18516710069 3455.54630533854 3643.59261067708 3774.98149956597 3750.12036132812 3688.93519422743 3557.62961154514 3469.98147243924 3304.32405598958 3085 3156.11111111111 3203.25 3246.01850043403 3250.60183376736 3281.15744357639 3296.87033420139 3349.9166937934 3338.47222222222 3263.15741644965 3420.90741644965 3328.19444444444 3309.09261067708 3324.26852756076 3370.64819335938 3401.16666666667
3036.40744357639 2508.25922309028 2246.94444444444 1551.07410346137 1136.31480577257 1355.39815266927 1169.8611178928 2157.96298556858 2648.47223578559 2192.97229003906 2266.1852077908 2660.88890245226 2753.12963867188 2714.16666666667 2939.38888888889 2859.50002712674 2611.91666666667 2816.89811197917 3100.63888888889 3340.45366753472 3590.73147243924 3684.2314453125 3702.12966579861 3731.12036132812 3724.71294487847 3709.8518608941 3641.32408311632 3402.22222222222 3294.97222222222 3316.05558268229 3318.85183376736 3364.73147243924 3426.12961154514 3488 3586.16663953993 3662.31483289931 3633.90738932292 3515.89816623264 3474.87963867188 3360.57405598958 3240.66663953993 3136.2685546875 3171.69441731771 3178.12966579861 3223.32408311632 3283.21297200521 3307.52772352431 3284.15741644965 3263.18519422743 3341.25925021701 3294.41663953993 3294.80555555556 3309.46297200521 3333.95369466146 3344.07408311632
1114.37038167318 1580.62962510851 1991.01852756076 2335.16662597656 1501.45373535156 1349.9907430013 1521.82408311632 1168.79629855686 2277.69440375434 2988.8147515191 2747.79625108507 2364.09256998698 2679.20366753472 3472.09255642361 3932.79630533854 3750.12963867188 3337.74997287326 2940.11108398438 2913.55555555556 3044.23149956597 3258.65738932292 3430.33333333333 3563.81480577257 3656.05555555556 3672.87038845486 3533.53708224826 3295.79627821181 3129.99072265625 3076.09252929688 3110.12036132812 3177.54630533854 3242.98147243924 3280.86111111111 3310 3358.87961154514 3402.10180664062 3486.7685546875 3519.07405598958 3457.22222222222 3468.72222222222 3418.46294487847 3097.8333062066 3020.48147243924 3088.21291775174 3170.61111111111 3258.93519422743 3317.82408311632 3299.74997287326 3327.26852756076 3273.17597113715 3266.59261067708 3280.42591688368 3269.69444444444 3293.72224934896 3317.95372178819
1046.3611178928 1427.49074978299 1821.44443088108 2667.68519422743 2985.62962510851 2671.21294487847 2409.38887532552 1740.92591688368 2201.57406955295 3589.24080403646 3893.83336046007 3672.16672092014 2933.39820692274 2101.08333333333 2357.25005425347 2785.42601182726 2926.53705512153 2974.98152669271 2960.65741644965 3042.25930447049 2894.69441731771 2844.62033420139 2988.63886176215 3205.25925021701 3324.58336046007 3303.21297200521 3194.3333062066 3104.29627821181 2986.09258355035 2915.97219509549 2954.77780490451 3100.69441731771 3212.78705512153 3250.11113823785 3235.12966579861 3243.3333062066 3316.64811197917 3459.60183376736 3506.37961154514 3424.50925021701 3428.80555555556 3198.18519422743 2899.50927734375 3038.10183376736 3191.24074978299 3275.92591688368 3274.36111111111 3219.24074978299 3360.3981391059 3269.52775065104 3247.17594401042 3247.75925021701 3282.56483289931 3305.50922309028 3319.40744357639
987.435194227431 961.351867675781 1393.41665988498 1770.68515353733 3704.28700086806 4473.27775065104 4386.39819335938 3716.47216796875 2007.45370822483 1967.46294487847 2493.66672092014 2684.37033420139 2588.43512641059 2893.76844618056 2418.04624430339 2239.06475830078 2428.98143174913 2715.18519422743 2908.13886176215 3009.94444444444 3124.44444444444 3037.21297200521 2825.61111111111 2833.74074978299 2983.59252929688 3135.99072265625 3181.7685546875 3118.70369466146 3032.22219509549 2980.11108398438 2947.16666666667 2980.55552842882 3154.3981391059 3255.24074978299 3218.28705512153 3217.8981391059 3245.19447157118 3379.24069552951 3527.20369466146 3505.24077690972 3364.90738932292 3337.9166937934 3217.64816623264 3235.3518608941 3286.28700086806 3257.76852756076 3177.99077690972 3300.96294487847 3315.17594401042 3276.87038845486 3254.96297200521 3233.63888888889 3223.59261067708 3255.62961154514 3284.36111111111
1219.25925021701 993.277743869358 1300.30554199219 1494.65743001302 1524.9814860026 2241.24076334635 2881.51852756076 3397.43516710069 3233.3333468967 1655.14818657769 1749.21295844184 2857.13886176215 3972.36111111111 4029.22222222222 4110.17591688368 4155.96291775174 3984.24077690972 3482.49074978299 3027.3981391059 2975.97219509549 3078.56480577257 3143.46294487847 3134 2943.12966579861 2942.8981391059 3025.06480577257 3192.72216796875 3262.05555555556 3226.62961154514 3121.12961154514 3064.65736219618 2970.28702799479 3005.30555555556 3140.46297200521 3209.07405598958 3210.02777777778 3234.2685546875 3301.43516710069 3421.62961154514 3496.28705512153 3397.32408311632 3325.99077690972 3193.84258355035 3205.87963867188 3265.52775065104 3273.45369466146 3236.5185546875 3411.37036132812 3355.94444444444 3318.06480577257 3277.97222222222 3278.56483289931 3274.75 3268.24074978299 3296.11111111111
2458.17593044705 2096.66662597656 1967.99069552951 2111.87036132812 1706.0833468967 1743.62963867188 2137.85184733073 2730.59258355035 3267.6666937934 3410.90741644965 2688.39815266927 2242.46295844184 2681.57402886285 3393.50930447049 3811.17586263021 3984.21291775174 3947.60183376736 3906.11108398438 3670.82402886285 2964.23147243924 2676.60188802083 3010.73147243924 3145.67594401042 3058.66663953993 2947.71294487847 3019.84255642361 3156.27775065104 3350.47224934896 3436.01852756076 3322.75925021701 3138.07405598958 3059.1666937934 2970.08333333333 3037.96297200521 3143.92591688368 3148.70372178819 3179.57402886285 3228.03702799479 3306.61108398438 3384.88894314236 3375.21294487847 3394.30552842882 3276.29630533854 3171.48147243924 3173.37961154514 3239.50922309028 3300.50002712674 3287.75002712674 3343.82405598958 3384.24997287326 3328.50927734375 3267.31483289931 3275.22222222222 3281.09258355035 3299.98149956597
3375.6018608941 3754.87961154514 3684.15736219618 3059.53702799479 2256.87963867188 1877.87037489149 1992.27776421441 2305.3333468967 2801.87038845486 3089.03702799479 3306.90738932292 2960.91666666667 2498.28705512153 2510.57405598958 2345.36113823785 2719.58333333333 3459.55555555556 3751.86108398438 3829.3518608941 3971.75925021701 3550.27780490451 2800.63888888889 2988.34261067708 3177.65738932292 3062.56483289931 2916.40733506944 3016.31486002604 3226.80555555556 3382.5 3465.02777777778 3373.07411024306 3175.93516710069 3056.47222222222 2986.78702799479 3010 3093.17591688368 3204.23149956597 3305.72222222222 3328.42591688368 3362.02775065104 3382.53702799479 3376.80552842882 3301.69444444444 3099.65741644965 3139.17591688368 3201.17588975694 3313.77777777778 3319.85183376736 3329.87961154514 3359.37036132812 3345.21297200521 3282.80555555556 3252.93519422743 3256.72219509549 3275.02775065104
2784.76858181424 2219.51856825087 2543.08336046007 3383.45369466146 3694.1481391059 3233.66666666667 2562.51852756076 2643.73152669271 2698.34258355035 3041.60188802083 3044.25 3108.09255642361 3030.21297200521 2772.94447157118 2695.40741644965 2312.58336046007 2727.75002712674 3279.25925021701 3297.22224934896 3197.99997287326 3350.15741644965 3410.87961154514 3002.54633246528 3145.67594401042 3117.87038845486 3046.71291775174 2877.06483289931 2926.82405598958 3231.71294487847 3458.34261067708 3542.19447157118 3453.91666666667 3234.15738932292 3069.99077690972 3079.36108398438 3156.21294487847 3246.77780490451 3318.12036132812 3389.03702799479 3444.1018608941 3489.05552842882 3433.41666666667 3422.04630533854 3176.82411024306 3138.6481391059 3167.68516710069 3237.56480577257 3302.03702799479 3300.2314453125 3271.51852756076 3281.9166937934 3253.40736219618 3263.97219509549 3254.04627821181 3247.87038845486
2554.86111111111 2324.88891601562 1933.36112467448 2167.71299913194 3127.79630533854 3691.5 3446.32408311632 2426.61113823785 2527.86111111111 2760.96294487847 2993.60183376736 3059.38891601562 3122.82405598958 3188.30558268229 3222.81477864583 2963.18516710069 2234.68516710069 2781.54627821181 3270.62033420139 3394.95372178819 3312.03705512153 3253.54627821181 3117.64816623264 3074.47224934896 3229.34258355035 3215.87963867188 3163.14811197917 2975.76850043403 2943.77777777778 3265.44444444444 3566.22219509549 3679.51850043403 3574.95369466146 3333.92594401042 3199.14811197917 3204.15744357639 3244.43522135417 3290.77777777778 3330.13888888889 3395.88883463542 3454.16666666667 3438.07408311632 3428.73147243924 3229.70369466146 3105.86113823785 3147.60183376736 3247.87966579861 3306.66666666667 3308.05555555556 3297.04627821181 3236.88888888889 3247.50925021701 3256.95369466146 3273.44447157118 3276.91666666667
1636.88887532552 2049.74074978299 1917.44444444444 1610.93519422743 1615.6018608941 1951.64815266927 2464.61109754774 2905.84255642361 2614.56480577257 2610.5 2940.8147515191 3307.43513997396 3300.19441731771 3190.26850043403 3016.85183376736 3066.69447157118 2808.84261067708 2059.7685139974 2516.37038845486 2861.47224934896 2888.64816623264 3115.24074978299 3388.17591688368 3057.8981391059 3163.30555555556 3308.90741644965 3318.26852756076 3269.93516710069 2959.37036132812 2994.51850043403 3343.65741644965 3554.00927734375 3618.35183376736 3512.54627821181 3342.60183376736 3212.74072265625 3165.5833062066 3170.77783203125 3223.78705512153 3296.44439019097 3359.74074978299 3391.51850043403 3390.88886176215 3343.43519422743 3145.20372178819 3146.75922309028 3205.57408311632 3242.02777777778 3309.78702799479 3319.9166937934 3280.23147243924 3286.74074978299 3297.46294487847 3302.90738932292 3303.37963867188
1902.11108398438 2836.38886176215 3630.40733506944 3783.96297200521 3497.86113823785 3400.57400173611 3533.53694661458 3728.19441731771 3656.75925021701 3224.37963867188 2814.72224934896 3177.82405598958 3493.09258355035 3497.93516710069 3406.6666937934 3109.97224934896 3118.93522135417 2975.48149956597 2351.98149956597 2229.74074978299 2626.43519422743 2963.95369466146 3048.9166937934 3229.40736219618 3082.36113823785 3191.12033420139 3345.1666937934 3362.76852756076 3378.72222222222 2965.11111111111 3064.15741644965 3299.83333333333 3440.11108398438 3497.41666666667 3436.69447157118 3310.54627821181 3139.58333333333 3096.20369466146 3132.74072265625 3211.31483289931 3272.38888888889 3318.67591688368 3343.27777777778 3379.72224934896 3204.72222222222 3157.58333333333 3194.19447157118 3237.60183376736 3297.29630533854 3347.83327907986 3368.88888888889 3325.65736219618 3311.50927734375 3320.68516710069 3309.37966579861
4059.05552842882 4191.37963867188 4229.05555555556 4135.56480577257 3932.70369466146 3721.12961154514 3633.47224934896 3602.75 3614.08336046007 3532.59258355035 3359.36108398438 2794.66666666667 3269.89811197917 3508.12033420139 3307.29627821181 3153.0833062066 3099.25927734375 3090.02780490451 3262.56477864583 3650.10180664062 3818.30555555556 3734.1018608941 3744.12961154514 3705.48149956597 3441.76850043403 3141.95369466146 3254.46297200521 3325.25 3366.58333333333 3272.44444444444 2835.20369466146 3067.42588975694 3245.6481391059 3390.09261067708 3465.1481391059 3379.36111111111 3218.67594401042 3079.2685546875 3063.50922309028 3168.69441731771 3255.87961154514 3294.24069552951 3307.86111111111 3383.04630533854 3185.24074978299 3088.23147243924 3215.80560980903 3236.99077690972 3232.54630533854 3301.59255642361 3360.56480577257 3354.76852756076 3323.84258355035 3313.95366753472 3296.16666666667
4118.41661241319 3613.03713650174 3289.25925021701 3221.60180664062 3130.55555555556 3147.45369466146 3026.1018608941 2942.41666666667 2918.75002712674 3148.88888888889 3391.98152669271 3152.04633246528 2696.07408311632 3149.51852756076 3122.69441731771 3250.40741644965 3207.49074978299 3491.62963867188 3852.42591688368 3732.07405598958 3583.3981391059 3506.4166937934 3426.26852756076 3422.62038845486 3540.45369466146 3354.90741644965 3097.29627821181 3227.41666666667 3259.03702799479 3388.22224934896 3092.55558268229 2810.09258355035 3116.7314453125 3283.26850043403 3362.36111111111 3411.88888888889 3316.70372178819 3112.04627821181 3041.36113823785 3087.52777777778 3226.25927734375 3316.06483289931 3344.63888888889 3364.01852756076 3442.58333333333 3144.75927734375 3148.16666666667 3162.66666666667 3215.53708224826 3236.48149956597 3272.96297200521 3320.14816623264 3320.91666666667 3302.33336046007 3290.61111111111
2844.80558268229 2883.12038845486 2892.56480577257 2914.89816623264 3238.54625108507 3332.40741644965 3273.86111111111 3360.89819335938 3445.41666666667 3346.40741644965 3271.30555555556 3318.5833062066 2925.56483289931 2450.64816623264 2975.52772352431 3222.49072265625 3703.92591688368 3857.19449869792 3609.95366753472 3463.34258355035 3437.36111111111 3440.94444444444 3386.31483289931 3296.76850043403 3271.34261067708 3405.2314453125 3214.51852756076 2993.85183376736 2996.26850043403 3132.88888888889 3307.24074978299 2991.40741644965 2950.59258355035 3063.62963867188 3173.11111111111 3289.47224934896 3355.33336046007 3254.63886176215 3085.85188802083 3044.30555555556 3124.05555555556 3293.00925021701 3355.88888888889 3341.8333062066 3326.03705512153 3225.44447157118 3138.50002712674 3138.21299913194 3173.75 3259.22222222222 3347.1018608941 3349.22222222222 3311.01852756076 3300.10183376736 3317.3518608941
2830.60182020399 3793.24066840278 4022.18519422743 3659.83333333333 3040.5 3157.45372178819 3632.90738932292 3641.69444444444 3560.23147243924 3576.48152669271 3637.12961154514 3670.24072265625 3683.49072265625 3425.7685546875 3454.25925021701 3882.43513997396 3815.75927734375 3612.81486002604 3513.96291775174 3440.15736219618 3360.71299913194 3299.65738932292 3235.47219509549 3242.02775065104 3331.88891601562 3420.44441731771 3562.83338758681 3546.77777777778 3378.70369466146 3142.6018608941 3157.50922309028 3177.88888888889 2998.37036132812 3054.17591688368 3074.75005425347 3165.63888888889 3296.67597113715 3362.1018608941 3224.70372178819 3016.68519422743 2966.11111111111 3041.29627821181 3232.6481391059 3302.01852756076 3316.36111111111 3241.53705512153 3210.80555555556 3252.69444444444 3264.02777777778 3251.62961154514 3285.42594401042 3337.88891601562 3334.73149956597 3313.36113823785 3311.82408311632
4029.75005425347 3737.59261067708 3072.69452582465 2876.73147243924 2976.03705512153 2809.15741644965 2677.34255642361 2653.80558268229 2794.33336046007 3228.03705512153 3514.23147243924 3575.75925021701 3611.15738932292 3788.18516710069 3890.94444444444 3790.71297200521 3563.0185546875 3382.5 3166.45372178819 2942.35183376736 2905.44441731771 3007.28708224826 3183.1666937934 3210.4166937934 2977.46297200521 3114.46291775174 3246.03705512153 3151.94441731771 3222.43516710069 3373.60188802083 3425.99074978299 3443.78702799479 3176.26852756076 3103.73149956597 3256.24072265625 3240.62963867188 3273.69441731771 3347.24997287326 3404.00927734375 3291.56483289931 3011.93519422743 2945.98149956597 2968.01847330729 3162.39816623264 3307.03702799479 3323.51852756076 3295.66663953993 3358.90741644965 3325.24074978299 3290.94444444444 3264.45372178819 3285.65744357639 3324.57405598958 3331.45372178819 3340.72224934896
3879.98149956597 3834.22222222222 3929.40741644965 3913.30555555556 4095.55555555556 3922.27777777778 3317.42591688368 3047.77777777778 2871.45369466146 2604.4814453125 2565.35180664062 2976.83327907986 3416.07405598958 3652.25925021701 3676.6666937934 3489.6666937934 3130.66672092014 2648.04633246528 2665.92594401042 2960.48149956597 3142.25925021701 3135.69444444444 2908.37036132812 2890.49072265625 3231.69447157118 3229.92594401042 3168.11113823785 3442.80555555556 3642.60183376736 3666.28705512153 3590.1481391059 3531.90741644965 3437.65741644965 3213.32405598958 3125.92597113715 3274.40744357639 3251.03708224826 3205.43516710069 3155.63886176215 3298.60188802083 3394.64816623264 3323.80558268229 3167.89819335938 3069.35183376736 3269.62966579861 3330.89819335938 3172.99997287326 3278.25925021701 3235.80555555556 3193.27780490451 3214.2685546875 3250.25 3279.41666666667 3313.73149956597 3332.8333062066
3604.21291775174 3396.68519422743 3416.88886176215 3470.8518608941 3390.01852756076 3164.33327907986 3301.87038845486 3237.51847330729 3083.87036132812 3003.69441731771 2979.94447157118 2762.24072265625 2885.38894314236 3314.83333333333 3078.85180664062 2647.25002712674 2540.73149956597 2952.51852756076 3305.92591688368 3141.65736219618 3090.8981391059 3163.77777777778 3384.75 3718.77780490451 3897.34261067708 3886.6018608941 3897.96294487847 3723.12036132812 3602.94441731771 3512.80552842882 3439.38888888889 3439.27775065104 3540.10183376736 3500.92591688368 3275.48149956597 3046.98149956597 3043.71294487847 3098.17591688368 3159.03702799479 3059.37963867188 3069.67594401042 3165.54625108507 3474.99997287326 3373.84258355035 3140.12036132812 3251.1481391059 3324.76850043403 3149.25927734375 3161.49997287326 3139.47222222222 3166.24072265625 3221.39819335938 3280.84258355035 3297.78705512153 3316.39819335938
3593.80555555556 3174.76850043403 2976.86108398438 3055.90744357639 2969.30555555556 2980.19444444444 3113.95366753472 3418.07405598958 3626.1018608941 3318.84261067708 2961.00927734375 2960.17597113715 2664.37036132812 2320.08333333333 2420.86116536458 2601.70372178819 2944.67591688368 3150.66666666667 3025.25927734375 3233.37036132812 3387.82411024306 3565.45372178819 3843.00927734375 3796.42594401042 3608.25925021701 3477.89816623264 3447.75925021701 3451.60183376736 3427.54630533854 3414 3402.78705512153 3402.73149956597 3388.37961154514 3482.27777777778 3603.02780490451 3668.57408311632 3700.24077690972 3705.25002712674 3691.62033420139 3640.78702799479 3499.31480577257 3227.21297200521 3034.97224934896 3189.63888888889 3239.58333333333 3395.22222222222 3135.70366753472 3137.32408311632 3169.8981391059 3201.38888888889 3219.39816623264 3235.40744357639 3277.20366753472 3313.74077690972 3323.89816623264
4016.7314453125 3711.56483289931 3204.0185546875 3167.23147243924 3573.24994574653 3792.77775065104 3956.22222222222 3984.55555555556 3516.70372178819 3348.09258355035 3186.84261067708 3086.17591688368 3092.89816623264 2866.16663953993 3000.75925021701 3508.62961154514 3722.31483289931 3527.38888888889 3651.41666666667 4015.35177951389 4050.65744357639 3932.39816623264 3675.69444444444 3514.65741644965 3464.27780490451 3478.31480577257 3407.8333062066 3410.16663953993 3410.37036132812 3384.45372178819 3362.03700086806 3337.72219509549 3322.77777777778 3316.94444444444 3329.03705512153 3338.09255642361 3343.5833062066 3332.57405598958 3358.51850043403 3415.64811197917 3521.28702799479 3638.66666666667 3518.78705512153 3528.3518608941 3587.81483289931 3337.38891601562 3197.96294487847 3142.12966579861 3137.47219509549 3198.71294487847 3244.03705512153 3256.88888888889 3268.62038845486 3316.03702799479 3323.20369466146
