data/cape_peninsula/rasters90/jul_solar_radiation.asc
NCOLS 225 
NROWS 643 
XLLCORNER 249990 
YLLCORNER 6189390 
CELLSIZE 90 
NODATA_value -9999 
[rows 336 to 359 of 643, columns 110 to 164 of 225]
3309.58336046007 3506.60183376736 3985.3610297309 4347.98149956597 4078.38883463542 3770.53702799479 3744.75 3645.3333062066 3570.30552842882 3888.02780490451 3787.1481391059 3564.1666937934 3681.12961154514 3851.62961154514 3676.49069552951 3340.49072265625 3231.1666937934 3153.6018608941 3086.12963867188 2879.48149956597 2606.65738932292 2191.0833468967 2115.90741644965 2151.41666666667 1921.38890245226 2676.61107042101 4051.37961154514 3996.19444444444 3926.15736219618 3731.09258355035 3907.3333062066 4345.81483289931 4362.04627821181 4684.46294487847 4508.10183376736 4154.33333333333 3611.98810686384 -9999 -9999 -9999 -9999 -9999 -9999 -9999 -9999 -9999 -9999 -9999 -9999 -9999 -9999 -9999 -9999 -9999 -9999
3150.97219509549 3053.14816623264 2980.00002712674 3267.81483289931 3861.65741644965 4321.12963867188 4578.87033420139 4529.03705512153 4232.17594401042 3384.90741644965 3518.12963867188 3878.90736219618 3729.76852756076 3781.62963867188 3889.78705512153 3763.6018608941 3391.2314453125 3267.80552842882 3161.21297200521 3072.93519422743 2851.53702799479 2184.1666531033 1672.12961154514 1867.54629177517 1920.81481933594 1642.46294487847 2108.78704155816 3111.38892957899 3718.49072265625 3940.07405598958 4450.66666666667 4846.4166937934 5056.06477864583 4553.94439019097 3955.45372178819 3928.11111111111 3845.36111111111 3697.5 -9999 -9999 -9999 -9999 -9999 -9999 -9999 -9999 -9999 -9999 -9999 -9999 -9999 -9999 -9999 -9999 -9999
4573.75930447049 4049.35191514757 3653.38888888889 3224.44449869792 3396.42591688368 4032.3610297309 4312.92594401042 4440.50922309028 4364.50922309028 4368.15744357639 3928.35183376736 3559.45372178819 4187.33341471354 4099.33333333333 4076.04627821181 4342.19444444444 4078.51850043403 3572.90744357639 3424.97224934896 3257.57408311632 3058.47216796875 2798.75930447049 2116.90741644965 1713.24073621962 1766.20370822483 1758.79631890191 1435.25927734375 1407.30555555556 1690.62966579861 2380.37965223524 3027.02783203125 4365.44444444444 5075.83333333333 4924.37038845486 4246.45364040799 3847.57408311632 3618.19444444444 3514.66666666667 -9999 -9999 -9999 -9999 -9999 -9999 -9999 -9999 -9999 -9999 -9999 -9999 -9999 -9999 -9999 -9999 -9999
5008.57405598958 4981.92588975694 4372.95366753472 3795.6481391059 3549.74074978299 3582.39816623264 4050.69447157118 4559.92583550347 4350.51850043403 4051.93519422743 4222.06483289931 4291.13883463542 3487.87038845486 4198.43522135417 4337.46294487847 4339.1295844184 4630.72227647569 4177.80550130208 3581.17591688368 3369.49077690972 3228.00002712674 3053.1018608941 2805.20366753472 2122.8518608941 1693.59256998698 1583.51852756076 1407.63887532552 1301.17593722873 1551.00925021701 1741.87963867188 1632.46295844184 1499.6018608941 2279.26852756076 3448.74072265625 3768.19441731771 3587.81483289931 3472.62038845486 3430.43519422743 -9999 -9999 -9999 -9999 -9999 -9999 -9999 -9999 -9999 -9999 -9999 -9999 -9999 -9999 -9999 -9999 -9999
3914.37036132812 4254.96299913194 4387.47216796875 3921.86113823785 3589.19447157118 3108.6018608941 2756.78702799479 3389.8795844184 4397.2685546875 4387.61108398438 4015.58336046007 3972.67588975694 3835.47219509549 3049.3333062066 3760.88891601562 4169.21302625868 3575.32413736979 3675.67591688368 3845.97224934896 3643.40741644965 3571.66672092014 3306.17591688368 2973.73149956597 2814.04630533854 2648.46299913194 2304.12962510851 2008.30556911892 1703.36111111111 1565.26852756076 1645.49998643663 1799.57406955295 1764.78702799479 1320.55558268229 1442.8518608941 2496.66666666667 3132.07408311632 3349.37033420139 3456.43519422743 -9999 -9999 -9999 -9999 -9999 -9999 -9999 -9999 -9999 -9999 -9999 -9999 -9999 -9999 -9999 -9999 -9999
2480.11111111111 2792.71297200521 3108.78705512153 3716.7314453125 3719.34258355035 3416.9814453125 3006.16666666667 2339.90744357639 2410.09259711372 3462.61113823785 3764.75 3548.48149956597 3937.59258355035 4126.35191514757 3492.93522135417 2977.68519422743 3194.12961154514 3413.22222222222 3656.50925021701 3575.98149956597 3467.51847330729 3610.27780490451 3486.20372178819 3116.61111111111 2641.16666666667 2817.09258355035 2664.18519422743 2322.78708224826 1801.54629177517 1864.49074978299 1699.80555555556 1519.82408311632 1261.40741644965 1389.29627821181 2710.65738932292 3453.99074978299 3328.34258355035 3409.58333333333 3408.91666666667 -9999 -9999 -9999 -9999 -9999 -9999 -9999 -9999 -9999 -9999 -9999 -9999 -9999 -9999 -9999 -9999
2061.46294487847 2299.99998643663 3638.42588975694 4003.74072265625 3826.68519422743 3562.80552842882 3404.18516710069 3202.74072265625 2939.53700086806 3087.25925021701 3510.22222222222 3615.31480577257 3598.5185546875 3809.72216796875 4034.93522135417 4079.53700086806 4032.88891601562 3906.24072265625 3645.15738932292 3513.30555555556 3530.48149956597 3410.87966579861 3435.63886176215 3481.22224934896 2979.45372178819 2707.25925021701 2961.3981391059 2935.36111111111 2169.84261067708 1615.63888888889 1844.64815266927 1811.69444444444 1775.20369466146 1268.74074978299 1300.90741644965 2215.75925021701 2867.25927734375 3085.60418701172 3140.02775065104 -9999 -9999 -9999 -9999 -9999 -9999 -9999 -9999 -9999 -9999 -9999 -9999 -9999 -9999 -9999 -9999
2338.36111111111 2327.50002712674 2158.12038845486 2925.27780490451 3240.20372178819 3825.1018608941 3850.43516710069 3408.59255642361 3214.83336046007 2942.19444444444 3077.3981391059 3436.07408311632 3532.69441731771 3529.76852756076 3440.75005425347 3605.46297200521 4062.18516710069 4284.85183376736 4030.38894314236 4150.44439019097 4116.25925021701 3854.72224934896 3746.44447157118 3559.5 3419.87036132812 2528.84255642361 2409.38888888889 2456.12963867188 2844.18516710069 2263.8518608941 1842.32408311632 2009.95372178819 2209.29629177517 2195.87965223524 1978.8333468967 2294.99072265625 2946.6666937934 3037.1875 -9999 -9999 -9999 -9999 -9999 -9999 -9999 -9999 -9999 -9999 -9999 -9999 -9999 -9999 -9999 -9999 -9999
2714.02780490451 2584.62036132812 2242.37963867188 2025.82405598958 3000.6018608941 3485.87966579861 3602.72222222222 3713.11113823785 3376.94444444444 3183.73147243924 3076.74074978299 3004.11111111111 3313.11111111111 3476.36108398438 3528.97222222222 3421.36108398438 3494.86111111111 3836.21297200521 4516.05560980903 4746.59266493056 4440.07411024306 3992.46291775174 3809.97222222222 3783.97222222222 3894.37963867188 3698.36108398438 2432.45366753472 2082.00923665365 2400.09255642361 2836.13886176215 2101.43516710069 2200.19441731771 2667.09258355035 2992.82408311632 2883.69444444444 2883.12036132812 3045.91666666667 3162.55550130208 -9999 -9999 -9999 -9999 -9999 -9999 -9999 -9999 -9999 -9999 -9999 -9999 -9999 -9999 -9999 -9999 -9999
3892.31480577257 3450.97219509549 3036.30555555556 2980.09255642361 3282.20372178819 3324.82408311632 3420.42591688368 3518.52780490451 3656.50925021701 3559.59261067708 3312.66666666667 3197.64816623264 2994.48147243924 3345.65738932292 3731.43513997396 3592.22222222222 3431.74072265625 3688.06477864583 3962.13888888889 4390.87969292535 4508.16666666667 4403.06488715278 4196.54633246528 4058.06480577257 4167.74083116319 4333.85191514757 4567.6295844184 3754.34261067708 2564.89815266927 2194.9999593099 2768.34261067708 2458.81477864583 2372.27780490451 2642.46294487847 2924.11111111111 2912.44444444444 3069.79162597656 3203 -9999 -9999 -9999 -9999 -9999 -9999 -9999 -9999 -9999 -9999 -9999 -9999 -9999 -9999 -9999 -9999 -9999
4503.31483289931 4399.00010850694 4220.31488715278 3828.29630533854 3574.02777777778 3255.27777777778 3282.07405598958 3436.68519422743 3690.70372178819 3798.13891601562 3734.23147243924 3554.76850043403 3443.99077690972 3079.74074978299 3320.38886176215 3941.38883463542 3592.57405598958 3212.01852756076 3150.07408311632 3205.22224934896 3775.80558268229 4261.33341471354 4285.50933159722 4130.61108398438 3797.22219509549 3772.32408311632 3898.56480577257 4317.70374891493 4457.67588975694 4352.04635959201 3450.03702799479 2771.20372178819 2123.37962510851 2230.65740288628 2745.75925021701 3031.96294487847 3057.52775065104 -9999 -9999 -9999 -9999 -9999 -9999 -9999 -9999 -9999 -9999 -9999 -9999 -9999 -9999 -9999 -9999 -9999 -9999
4119.52785915799 4364.91661241319 4269.88880750868 4166.85188802083 3797.86111111111 3524.41661241319 3317.94447157118 3304.06477864583 3210.45372178819 3296.1018608941 3508.6666937934 3602.11113823785 3528.36111111111 3225.15738932292 2960.69444444444 3597.55555555556 4043.58336046007 3729.03700086806 3508.48147243924 3092.05552842882 2627.19444444444 3293.65741644965 4148.16666666667 4116.28700086806 3913.40744357639 3690.95372178819 3574.6204155816 3977.53700086806 4400.73147243924 4191.86111111111 4166.41663953993 3541.74074978299 3154.00930447049 2927.45372178819 2909.38886176215 3055.93746948242 -9999 -9999 -9999 -9999 -9999 -9999 -9999 -9999 -9999 -9999 -9999 -9999 -9999 -9999 -9999 -9999 -9999 -9999 -9999
3620.66666666667 3667.45369466146 3759.0833062066 4004.8981391059 4064.84258355035 3719.00925021701 3314.62033420139 3574.81483289931 3395.8704155816 3159.05552842882 3187.19444444444 3442.57408311632 3608.37963867188 3739.65738932292 3300.83333333333 2753.57408311632 3182.26850043403 3879.97222222222 4252.03697374132 4121.35180664062 3797.81480577257 3300.15741644965 2882.79630533854 3278.3981391059 3492.25 3544.38888888889 3796.12961154514 3724.31483289931 3756.35180664062 3864.97224934896 3728.78705512153 3484.84258355035 3606.23147243924 3392.36113823785 3212.75925021701 3129.25 -9999 -9999 -9999 -9999 -9999 -9999 -9999 -9999 -9999 -9999 -9999 -9999 -9999 -9999 -9999 -9999 -9999 -9999 -9999
3409.83333333333 3700.09261067708 3748.01852756076 3595.27775065104 3688.03708224826 3861.62038845486 3434.43516710069 3202.88891601562 3424.77777777778 3545.2685546875 3396.93522135417 3375.69444444444 3523.88886176215 3534.13894314236 3704.99072265625 3428.95366753472 3661.75925021701 3741.06480577257 3608.87963867188 3766.62963867188 3888.75002712674 4063.54633246528 4098.40738932292 4066.21297200521 4326.96294487847 4285.99074978299 3974.45372178819 3495.22222222222 3477.78700086806 3328.44444444444 3473.37955729167 3611.58336046007 3434.12036132812 3404.51852756076 3245.33335658482 -9999 -9999 -9999 -9999 -9999 -9999 -9999 -9999 -9999 -9999 -9999 -9999 -9999 -9999 -9999 -9999 -9999 -9999 -9999 -9999
3591.32405598958 3340.21294487847 3591.00925021701 3700.09261067708 3616.70369466146 3574.55555555556 3561.54630533854 3306.58333333333 3428.05560980903 3639.22219509549 3818.66663953993 3535.23147243924 3294.53700086806 3773.33333333333 3593.58333333333 3723.80555555556 3463.33336046007 3788.31480577257 3710.85183376736 3741.99077690972 3826.04630533854 3714.12961154514 3869.55558268229 4127.04635959201 4193.50008138021 4433.64816623264 4324.36108398438 3961.27775065104 3722.63888888889 4059.37963867188 4185.53705512153 3799.55558268229 3465.48149956597 3279.29627821181 3186.60424804688 -9999 -9999 -9999 -9999 -9999 -9999 -9999 -9999 -9999 -9999 -9999 -9999 -9999 -9999 -9999 -9999 -9999 -9999 -9999 -9999
3220.94441731771 3217.86113823785 3338.12033420139 3659.42594401042 3558.33333333333 3699.82408311632 3585.75 3467.48149956597 3699.32405598958 3460.16666666667 3477.50925021701 3615.59258355035 3748.32402886285 3306.12036132812 3638.24069552951 3423.65738932292 3698.00002712674 3567.12966579861 3894.50925021701 3783.54633246528 3785.25922309028 3828.65741644965 3893.63886176215 4094.70374891493 4117.46291775174 4091.7314453125 4412.01852756076 4582.77777777778 3968.85183376736 3191.46294487847 3501.77777777778 3476.48152669271 3414.42594401042 3261.37038845486 -9999 -9999 -9999 -9999 -9999 -9999 -9999 -9999 -9999 -9999 -9999 -9999 -9999 -9999 -9999 -9999 -9999 -9999 -9999 -9999 -9999
3067.72222222222 3172.79633246528 3206.70372178819 3441.6018608941 4002.86105685764 3725.24074978299 3632.81480577257 3437.04625108507 3830.52775065104 4149.08333333333 3621.15741644965 3773.84255642361 3615.52775065104 3409.47219509549 2946.68516710069 3095.5185546875 3059.25 3777.27777777778 3808.82408311632 3955.9166937934 3751.34258355035 3685.30555555556 3652.23147243924 3760.36111111111 4142.09263780382 4275.74997287326 3949.73149956597 4373.55555555556 4133.38888888889 3231.02777777778 2043.12963867188 2661.63888888889 3059.10180664062 3225.76850043403 -9999 -9999 -9999 -9999 -9999 -9999 -9999 -9999 -9999 -9999 -9999 -9999 -9999 -9999 -9999 -9999 -9999 -9999 -9999 -9999 -9999
3539.70372178819 3454.88888888889 3390.87036132812 3190.24072265625 2914.94447157118 3406.56480577257 3529.1666937934 3414.42588975694 2813.96297200521 3137.49997287326 3673.76852756076 3509.23149956597 3204.91666666667 3550.19444444444 3872.64811197917 3490.74072265625 2977.17591688368 2426.74997287326 3063.74074978299 3563.51852756076 3741.24074978299 3698.42594401042 3546.81483289931 3458.93519422743 3779.23149956597 3202.27777777778 3294.22219509549 3015.3704155816 3074.38891601562 3117.00930447049 2848.29630533854 2682.97224934896 2938.29630533854 3350.55953543527 -9999 -9999 -9999 -9999 -9999 -9999 -9999 -9999 -9999 -9999 -9999 -9999 -9999 -9999 -9999 -9999 -9999 -9999 -9999 -9999 -9999
3783.43519422743 3620.70366753472 3563.99997287326 3494.31477864583 3475.20372178819 3332.36111111111 3410.3518608941 3402.50925021701 2861.97224934896 2511.96297200521 2770.68519422743 3103.44441731771 3415.08336046007 3406.77775065104 3775.96294487847 4046.55555555556 3775.43522135417 3565.56480577257 2935.45369466146 2662.18519422743 3564.50930447049 3819.74994574653 3240.12036132812 2861.12966579861 2091.27783203125 2384.86111111111 2680.78700086806 2911.13888888889 2813.59258355035 2935.78702799479 2917.40741644965 2902.24074978299 2931.08333333333 2890.80550130208 -9999 -9999 -9999 -9999 -9999 -9999 -9999 -9999 -9999 -9999 -9999 -9999 -9999 -9999 -9999 -9999 -9999 -9999 -9999 -9999 -9999
4001.75925021701 3950.24074978299 3868.00927734375 3808.99074978299 3452.85183376736 3553.48149956597 3823.26850043403 3668.93516710069 3326.15741644965 3165.70369466146 2950.54630533854 2863.22219509549 3428.06483289931 3708.38886176215 3453.45374891493 3594.05555555556 3791.01850043403 3627.45372178819 3534.30555555556 3333.46299913194 2181.39816623264 2288.56484646267 2489.26852756076 2182.01850043403 2662.93515353733 3563.65738932292 3289.21299913194 2920.7685546875 2824.81480577257 2712.17594401042 3027.62966579861 2824.39816623264 2823.73334960938 -9999 -9999 -9999 -9999 -9999 -9999 -9999 -9999 -9999 -9999 -9999 -9999 -9999 -9999 -9999 -9999 -9999 -9999 -9999 -9999 -9999 -9999
3819.83333333333 3840.20372178819 3889.24074978299 3900.88891601562 4222.53700086806 4159.85183376736 3938.92588975694 3874.22222222222 3588.34258355035 3251.57408311632 3137.07408311632 3062.31486002604 2919.92591688368 3139.47222222222 3418.15738932292 3750.54625108507 3410.32411024306 3418.75925021701 3620.44447157118 3373.17591688368 3475.63886176215 2604.11107720269 2355.48143174913 2034.71298556858 1283.78707546658 825.213005913628 1558.05556911892 2097.76852756076 2347.46297200521 2365.57405598958 2651.14819335938 2929.11111111111 2811.33325195312 -9999 -9999 -9999 -9999 -9999 -9999 -9999 -9999 -9999 -9999 -9999 -9999 -9999 -9999 -9999 -9999 -9999 -9999 -9999 -9999 -9999 -9999
3981.74069552951 3942.18519422743 3958.22219509549 3911.72224934896 4099.5 4250.96294487847 4251.37033420139 3987.94447157118 3777.64819335938 3530.44449869792 3384.56480577257 3228.65738932292 2949.6481391059 2614.05552842882 2550.54625108507 2723.26852756076 3173.07411024306 3059.81483289931 3007.44441731771 3575.61108398438 3776.78702799479 3965.02780490451 3869.04627821181 3641.43519422743 2670.98145887587 1641.76852077908 784.342597113715 619.638895670573 1183.08331976997 1935.12037489149 2112.69443088108 2570.39285714286 -9999 -9999 -9999 -9999 -9999 -9999 -9999 -9999 -9999 -9999 -9999 -9999 -9999 -9999 -9999 -9999 -9999 -9999 -9999 -9999 -9999 -9999 -9999
3918.06480577257 3923.74069552951 3804.97227647569 3757.74074978299 3879.17588975694 4411.7314453125 4207.12961154514 3896.50002712674 3737.49077690972 3603.02777777778 3503.30552842882 3366.37963867188 3056.64816623264 2844.70372178819 2661.01852756076 2345.53702799479 2798.61111111111 3330.40738932292 3436.62038845486 3265.30552842882 3657.96297200521 3744.82405598958 3893.01852756076 4238.33336046007 4053.85180664062 3616.74997287326 2982.62959798177 2149.00922987196 1844.01847330729 2492.51845974392 2817.59263780382 2927 -9999 -9999 -9999 -9999 -9999 -9999 -9999 -9999 -9999 -9999 -9999 -9999 -9999 -9999 -9999 -9999 -9999 -9999 -9999 -9999 -9999 -9999 -9999
3535.07408311632 3677.05560980903 3889.30555555556 3965.70369466146 3597.33333333333 3794.87036132812 4167.26852756076 3841.50925021701 3718.34258355035 3658.1018608941 3534.29630533854 3475.28700086806 3358.55555555556 3057.40741644965 2873.54627821181 2836.23149956597 3008.93513997396 3231.19447157118 3264.33327907986 3340.6018608941 2862.58333333333 2506.47224934896 3002.88888888889 3406.46297200521 3579.56483289931 3304.70369466146 3308.07408311632 3983.43516710069 4320.31480577257 3721.84258355035 3503.64811197917 3278.95831298828 -9999 -9999 -9999 -9999 -9999 -9999 -9999 -9999 -9999 -9999 -9999 -9999 -9999 -9999 -9999 -9999 -9999 -9999 -9999 -9999 -9999 -9999 -9999
