data/cape_peninsula/rasters90/jul_solar_radiation.asc
NCOLS 225 
NROWS 643 
XLLCORNER 249990 
YLLCORNER 6189390 
CELLSIZE 90 
NODATA_value -9999 
[rows 192 to 215 of 643, columns 55 to 109 of 225]
2802.26852756076 3133.78702799479 3163.29630533854 3242.56480577257 3398.34261067708 3307.8795844184 3276.71297200521 3201.18519422743 3169.77775065104 3324.57408311632 3319.71297200521 3262.57405598958 3221.50922309028 3253.67594401042 3352.00930447049 3129.12038845486 3071.8981391059 3107.11111111111 3198.73147243924 3319.04630533854 3395.19441731771 3413.80558268229 3545.67588975694 3585.40741644965 3661 4082.88888888889 4432.70372178819 4491.98155381944 4551.29627821181 5182.41666666667 5442.0185546875 5149.00933159722 4027.73149956597 2659.98149956597 2008.85184733073 1682.7685139974 1484.56480577257 1731.75923665365 3215.74997287326 3707.86113823785 4127.3704155816 4760.56477864583 4895.57411024306 4122.06477864583 3480.90738932292 3476.24074978299 4402.71291775174 4832.76850043403 4491.1018608941 4520.94444444444 4091.80552842882 3916.14816623264 3796.19447157118 3508.02780490451 3442.54627821181
3209.04633246528 2970.06483289931 3101.45372178819 3210.8333062066 3147.59258355035 3202.59255642361 3276.11111111111 3375.76847330729 3401.87033420139 3388.98147243924 3420.6018608941 3326.92591688368 3276.5 3301.75 3220.96294487847 3272.34258355035 3326.51852756076 3310.92588975694 3322.64811197917 3335.50927734375 3414.10183376736 3683.6481391059 3686.41666666667 3632.60180664062 3907.8333062066 4382.32405598958 4547.88883463542 4319.80555555556 4196.55558268229 4923.20366753472 5568.25 5117.88888888889 4993.14816623264 4318.48149956597 3127.34255642361 2420.28702799479 2225.79626464844 2636.99070909288 3476.72222222222 4264.62044270833 3899.90741644965 3951.91666666667 4350.58336046007 4255.45372178819 3180.8981391059 2224.11111111111 2172.11112467448 3746.24077690972 4192.69447157118 3710.05558268229 3866.5 3946.96294487847 3762.73147243924 3899.62033420139 3786.97222222222
3071.63880750868 3658.43516710069 3333.6018608941 3177.8704155816 3278.04627821181 3343.38886176215 3368.54633246528 3354.05552842882 3536.61108398438 3334.52777777778 3303.65738932292 3381.51852756076 3405.68516710069 3310.87036132812 3224.43522135417 2782.05555555556 2746.09261067708 3302.29630533854 3577.86111111111 3685.26844618056 3606.08333333333 3372.36111111111 3315.1481391059 3619.30555555556 3927.52775065104 4420.54627821181 4636.56483289931 4550.0185546875 4181.787109375 3266.23155381944 3499.95369466146 5194.15733506944 5415.7685546875 5162.11111111111 4760.50005425347 3483.79627821181 2357.23147243924 2317.62037489149 2309.28702799479 2576.65743001302 4134.97230360243 4550.97214084201 4215.78708224826 4193.16672092014 4119.86111111111 3271.46291775174 2318.11111111111 1301.75931803385 2287.38894992404 1955.98154025608 2536.23147243924 2982.44444444444 3217.87038845486 3379.09255642361 3665.41663953993
2865.30558268229 2897.17591688368 3395.87963867188 3298.3333062066 3235.20366753472 3298.31483289931 3453.8333062066 3371.1666937934 3026.23147243924 3160.92588975694 3234.99074978299 3255.85188802083 3234.87961154514 3325.04630533854 3355.04630533854 3307.83336046007 2969.37038845486 2575.42591688368 3685.35183376736 4170.4166937934 4168.09266493056 3994.61113823785 4008.26847330729 3887.23147243924 3284.0833062066 3132.74074978299 3892.1666937934 4950.4814453125 5225.79627821181 4719.8518608941 4435.71291775174 4827.79638671875 5179.72227647569 5270.74077690972 5256.09255642361 5228.37961154514 4548.99083116319 3541.81483289931 2445.44445800781 1982.86111111111 2245.51852756076 3366.99070909288 4678.22222222222 5143.21299913194 4608.43516710069 4497.40744357639 4014.8518608941 3118.24074978299 2301.88882785373 3074.55548773872 3384.01844618056 3722.5 3479.77777777778 3403.28705512153 3537.81477864583
3058.03705512153 2876.30555555556 3150.02777777778 3228 3246.29630533854 3242.59258355035 3004.11112467448 2856 2883.83333333333 3184.33333333333 3283.33333333333 3284.04760742188 3234.5 3277.11113823785 3253.37963867188 3325.03705512153 3334.74077690972 3219.27777777778 3510.53702799479 3916.57405598958 4160.19441731771 4459.42588975694 4781.39811197917 4965.63894314236 4520.13888888889 3524.88886176215 3011.92588975694 3417.94441731771 4420.80552842882 4980.77772352431 5300.80555555556 5284.59261067708 5246.19444444444 5256.60183376736 5163.87027994792 5393.60183376736 5596.83333333333 5518.77783203125 4626.25008138021 3396.7314453125 3113.81477864583 3255.67591688368 3425.74072265625 4520.00919596354 5178.42588975694 4848.58333333333 4351.66672092014 4120.92594401042 3226.17597113715 3324.8518608941 3612.98152669271 3608.77775065104 3602.67594401042 3784.72224934896 3746.99072265625
3539.08336046007 3240.82405598958 2996.77775065104 3151.92591688368 3123.60418701172 -9999 -9999 -9999 -9999 -9999 -9999 -9999 -9999 3195.25 3181.0666015625 3211.72219509549 3595.3795844184 4168.90747070312 3938.46297200521 4048.49994574653 4682.65744357639 5270.12044270833 5372.67588975694 5335.49077690972 5165.77777777778 5052.92594401042 4178.44444444444 3398.23147243924 3603.63886176215 4234.80558268229 4805.46294487847 5392.60177951389 5534.00933159722 5661.17594401042 5699.74072265625 5695.22216796875 5574.55555555556 5542.50005425347 5535.28705512153 4568.70364040799 3714.84258355035 3449.54627821181 4061.11113823785 4214.76852756076 4383.47227647569 4508.76847330729 4540.44449869792 3839.6852484809 3484.99072265625 3759.78700086806 3773.08333333333 3690.07411024306 3673.75 3964.75 3961.98152669271
3508.32405598958 3215.29630533854 3213.71294487847 3270.68054199219 -9999 -9999 -9999 -9999 -9999 -9999 -9999 -9999 -9999 -9999 -9999 3178 3838.24069552951 3579.44449869792 3208.24074978299 3777.65736219618 4404.0833062066 5092.46294487847 5122.37038845486 5435.33327907986 5469.96294487847 5140.74077690972 5193.71299913194 4352.92594401042 3627.25927734375 4066.57402886285 4425.80550130208 5371.49994574653 5865.42588975694 5789.17594401042 5800.62033420139 5667.65738932292 5312.87044270833 5277.40738932292 5512.53705512153 5720.42594401042 4799.70369466146 3971.54630533854 3995.31477864583 4451.1018608941 4439.57400173611 3969.90733506944 4117.86111111111 4526.37963867188 4855.24072265625 4569.59255642361 4214.22222222222 3838.79630533854 4030.06480577257 4141.87969292535 3816.39811197917
2702.17597113715 3050.25927734375 3252.79625108507 3307.10415649414 -9999 -9999 -9999 -9999 -9999 -9999 -9999 -9999 -9999 -9999 -9999 -9999 2111.94795227051 1935.54629177517 2917.19441731771 3556.11113823785 3783.98152669271 4535.64808485243 5208.78705512153 5306.90738932292 5362.31488715278 5289.10183376736 5273.93522135417 5171.37961154514 4499.28702799479 4008.41666666667 3999.24997287326 4668.38894314236 5387.19444444444 5563.22222222222 5595.38888888889 5601.17599826389 5365.50922309028 5412.93522135417 5711.40744357639 5773.87038845486 5884.41666666667 5394.25933159722 4571.86111111111 3700.63888888889 3777.28705512153 4085.52783203125 4048.49994574653 4107.13883463542 4303.87966579861 4120.44447157118 3577.25 3798.36111111111 3759.86108398438 3711.49072265625 3651.67591688368
2450.99991861979 3234.44441731771 3328.1018608941 3339.25925021701 3325.77775065104 -9999 -9999 -9999 -9999 -9999 -9999 -9999 -9999 -9999 -9999 -9999 2447.33325195312 2945.32405598958 2901.45374891493 3262.41663953993 3431.27777777778 3664.19447157118 4465.30560980903 4952.79622395833 4977.54633246528 4902.10183376736 4801.5 5040.76844618056 5057.79627821181 4871.212890625 4055.54630533854 3827.5 4633.62961154514 5672.90744357639 5651.87966579861 5686.29622395833 5546.58338758681 5473.23149956597 5953.54622395833 6273.17594401042 6107.99994574653 5753.08333333333 4996.62027994792 3955.65747070312 3423.20369466146 3750.91666666667 3935.67591688368 3090.74081759983 2211.13890923394 3550.03705512153 3643.12033420139 3632.93516710069 3635.78705512153 3500.75002712674 3531.41666666667
3073.81480577257 3308.34261067708 3351.67594401042 3352.19444444444 3354.44441731771 -9999 -9999 -9999 -9999 -9999 -9999 -9999 -9999 -9999 -9999 -9999 -9999 3042.85 2815.62966579861 2451.92591688368 2500.57408311632 2520.26854112413 2157.23154025608 3008.5185139974 4043.17588975694 4663.08333333333 5130.21299913194 5369.24077690972 5326.2314453125 5291.5 5135.62038845486 4355.62027994792 4092.30560980903 4950.37044270833 5994.24994574653 6149.92599826389 5961.89811197917 5745.35188802083 5757.80550130208 5638.05560980903 5584.32405598958 5510.53700086806 5317.75933159722 4805.39811197917 3990.08338758681 3652.97219509549 3650.74069552951 3680.32402886285 1534.27781846788 908.435201009115 1671.01856146918 1942.14816623264 1935.92595757378 2138.21295844184 2650.95370822483
3315.96297200521 3351.22222222222 3352 3350.20372178819 3342.44449869792 -9999 -9999 -9999 -9999 -9999 -9999 -9999 -9999 -9999 -9999 -9999 -9999 2254.66674804688 2355.62961154514 2409.99074978299 1993.12962510851 1468.39816623264 1334.98149956597 1208.12037489149 1908.60187445747 3259.52780490451 3687.24074978299 4325.25930447049 4708.31483289931 4207.84258355035 4801.25930447049 4919.99077690972 4291.89816623264 3895.24074978299 4270.04627821181 5502.36108398438 6004.47222222222 5657.86105685764 5486 4939.49077690972 4641.84261067708 5010.54633246528 5336.36105685764 4777.69444444444 4296.95369466146 3746.82411024306 3361.83333333333 2998.50005425347 3315.90736219618 3267.52772352431 2920.61109754774 2885.30551486545 3151.07401529948 3346.8981391059 2814.08333333333
3364.69447157118 3357.15741644965 3352 3353.52777777778 3393.58333333333 -9999 -9999 -9999 -9999 -9999 -9999 -9999 -9999 -9999 -9999 -9999 -9999 -9999 2812.30550130208 2721.82408311632 2319.27780490451 1717.12037489149 1431.00001356337 1276.58331976997 1361.93518066406 1284.87965223524 1248.24076334635 1391.72222222222 2821.43515353733 3495.86113823785 3425.68513997396 4088.80558268229 4055.19444444444 3678.49074978299 3397.6481391059 3711.62955729167 4550.02780490451 4375.04633246528 4624.11113823785 4659.90733506944 4534.12038845486 4588.42583550347 4605.05555555556 4786.81477864583 4540.17594401042 3855.19447157118 3352.83333333333 2928.71291775174 3379.03705512153 3575.91663953993 3638.4352484809 3935.78702799479 4750.72222222222 4675.72222222222 4400.71291775174
3394.99074978299 3344.3333062066 3351.1204155816 3378.96875 -9999 -9999 -9999 -9999 -9999 -9999 -9999 -9999 -9999 -9999 -9999 -9999 -9999 -9999 2649.48608398438 2331.34256998698 2057.65738932292 2185.80552842882 1993.97223578559 1742.58331976997 1519.47223578559 1154.57407633464 985.351847330729 1370.74998643663 1711.00001356337 2431.06481933594 2523.56480577257 2388.28705512153 2725.97222222222 3174.22219509549 3229.37038845486 2984.6481391059 3145.98147243924 3106.8333062066 3112.75930447049 2558.57411024306 2966.79626464844 4174.83333333333 3748.69444444444 4126.85188802083 4356.00916883681 4083.55558268229 3745.01850043403 3616.2314453125 3932.77780490451 4294.76847330729 4720.02777777778 4706.03716362847 3809.57405598958 3263.6481391059 3262.73147243924
3398.76852756076 3407.45369466146 3361.51852756076 3344.2 -9999 -9999 -9999 -9999 -9999 -9999 -9999 -9999 -9999 -9999 -9999 -9999 -9999 -9999 2684.83333333333 2547.57408311632 2475.99997287326 2416.18519422743 2309.39816623264 2275.48149956597 2178.88890245226 1923.18518066406 1808.84258355035 1569.48149956597 1241.61113823785 1373.54628499349 2244.6481391059 2153.65743001302 2052.12963867188 2124.34261067708 2137.12965223524 2671.26852756076 2658.4814453125 2641.37036132812 1794.64817979601 2124.45368109809 2530.85183376736 2621.09263780382 3367.75925021701 3959.17588975694 4110.0185546875 3925.98147243924 3950.55558268229 3974.08336046007 4092.74077690972 4099.18522135417 3880.57408311632 3714.15741644965 3423.11116536458 2586.96297200521 2289.37962510851
3626.3518608941 3495.74072265625 3472.11108398438 3425.44441731771 -9999 -9999 -9999 -9999 -9999 -9999 -9999 -9999 -9999 -9999 -9999 -9999 -9999 -9999 3669.97224934896 3290.87963867188 2903.66663953993 2471.61111111111 2416.02780490451 2384.57405598958 2343.26852756076 2001.10184733073 1903.81480577257 1908.43519422743 1405.27777777778 1299.79630533854 1611.0092976888 2076.63890245226 2116.99076334635 1243.52781846788 1020.69443766276 1302.81481255425 2017.37040201823 2044.00926378038 2101.95372178819 2297.50925021701 2678.78705512153 2124.90738932292 2617.75 3304.29627821181 3437.90741644965 3743.61113823785 3802.9814453125 3874.84258355035 3409.25922309028 2914.79633246528 3136.55558268229 3122.89811197917 2925.08338758681 3057.94439019097 2871.78705512153
3753.56483289931 3424.61108398438 3392.25 3420.88883463542 -9999 -9999 -9999 -9999 -9999 -9999 -9999 -9999 -9999 -9999 -9999 -9999 -9999 -9999 3305.09524972098 3423.67588975694 3316.4166937934 2888.47222222222 2700.78697374132 2574.51852756076 2381.10183376736 2569.33336046007 2605.59258355035 2054.93523491753 1162.25928412543 995.611111111111 578.694447835286 766.962965223524 999.416700575087 583.083340115017 566.157416449653 564.824066162109 897.694451226128 1504.69445122613 1588.93518066406 2337.57404242622 2613.94447157118 2571.49072265625 2668.60183376736 2755.46297200521 3124.24072265625 3386.61108398438 3387.12963867188 3203.45372178819 3030.13891601562 2758.08333333333 2734.71299913194 3257.81483289931 3600.65741644965 3671.37036132812 3592.89816623264
3235.73147243924 3413.13888888889 3362.01043701172 -9999 -9999 -9999 -9999 -9999 -9999 -9999 -9999 -9999 -9999 -9999 -9999 -9999 -9999 -9999 1809.875 1946.99072265625 2704.19439019097 2917.37963867188 2745.07408311632 2715.43516710069 2700.51850043403 2431.68519422743 1930.39817979601 1036.94448513455 940.851833767361 1215.76852077908 907.50927734375 652.648152669271 485.157413058811 479.398149278429 488.685184054904 642.30556233724 751.861111111111 689.944451226128 725.083340115017 1244.18519422743 1812.65740288628 2142.5185139974 2384.24074978299 2674.48147243924 2826.81483289931 3094.41666666667 3094.62038845486 2881.66663953993 2940.40738932292 3286.57402886285 3273.90736219618 2441.11111111111 2362.84255642361 3056.17594401042 3339.27775065104
3581.80555555556 3393.78705512153 3354.52775065104 -9999 -9999 -9999 -9999 -9999 -9999 -9999 -9999 -9999 -9999 -9999 -9999 -9999 -9999 -9999 -9999 2240.98332519531 2495.22222222222 2274.10188802083 2283.49072265625 2315.40744357639 2087.24997287326 1822.26852756076 770.98151312934 685.379618326823 891.25 957.305569118924 886.19443766276 836.435201009115 573.175930447049 538.648145887587 532.944444444444 558.499993218316 848.324069552951 1220.00922309028 1287.98145887587 1294.98147243924 1192.51852077908 1634.5 1774.25929090712 1608.01854112413 2127.08333333333 2634.53702799479 2837.27777777778 3225.49074978299 4113.12955729167 4789.72216796875 3632.59258355035 3621.19444444444 4350.64811197917 4003.92602539062 3767.49074978299
3589.32408311632 3294.55209350586 3345 -9999 -9999 -9999 -9999 -9999 -9999 -9999 -9999 -9999 -9999 -9999 -9999 -9999 -9999 -9999 -9999 2706.77775065104 2693.6666531033 2883.1666937934 2872.99997287326 2548.67588975694 2377.44443088108 1062.09261745877 1846.61102294922 2767.27772352431 2554.57400173611 2568.56476508247 2423.07405598958 1049.50930447049 787.240715874566 1339.97219509549 1844.16658528646 2580.9536336263 2868.04626464844 2631.34259711372 2303.30559624566 1503.73151312934 1010.81483968099 659.407423231337 587.740743001302 568.25 833.388888888889 1621.15741644965 2321.81481933594 2889.20372178819 2951.65744357639 4112.3147515191 4456.00002712674 4865.04633246528 4626.5 4024.87963867188 4288.24991861979
2615.67709350586 -9999 -9999 -9999 -9999 -9999 -9999 -9999 -9999 -9999 -9999 -9999 -9999 -9999 -9999 -9999 -9999 -9999 -9999 -9999 1804.90626525879 2354.63884819878 2800.82408311632 2632.60188802083 1578.62969292535 1827.16659884983 2881.30558268229 2915.14816623264 2219.46301269531 1901.25930447049 1007.19447835286 1131.59254286024 2490.08331976997 2351.70369466146 2331.77779134115 2035.52783203125 2359.1759507921 3146.24074978299 1689.87968614366 1183.31482611762 687.814832899306 584.916673448351 569.48147922092 559.5 545.203708224826 558.009270562066 716.888902452257 1447.51852756076 1587.73151312934 2016.60188802083 3745.75006781684 4681.43519422743 4329.86113823785 3824.73147243924 4226.82408311632
1688.16662597656 -9999 -9999 -9999 -9999 -9999 -9999 -9999 -9999 -9999 -9999 -9999 -9999 -9999 -9999 -9999 -9999 -9999 -9999 -9999 2618.19449869792 1884.49080403646 1511.95375569661 1224.88890923394 1526.22216118707 3048.93511284722 2726.88890245226 1675.24081081814 956.703701443142 747.50927734375 1610.77768961589 2910.33327907986 2565.96301269531 2227.20369466146 2248.51845974392 2540.5647922092 2710.40738932292 2700.74076334635 1885.12037489149 1211.16665988498 916.861090766059 767.148166232639 622.064798990885 607.824069552951 586.95371500651 569.916666666667 556.027777777778 550.601867675781 568.21295844184 623.768534342448 943.768507215712 2537.31477864583 3454.11108398438 4586.01844618056 4497.15744357639
-9999 -9999 -9999 -9999 -9999 -9999 -9999 -9999 -9999 -9999 -9999 -9999 -9999 -9999 -9999 -9999 -9999 -9999 -9999 -9999 -9999 1213 1286.19045584542 1867.00919596354 2530.84256998698 1904.6297132704 1225.50000678168 1205.0647922092 1623.93513997396 2562.57402208116 2952.31477864583 3285.75 4349.8518608941 4531.66674804688 3838.86108398438 2583.24074978299 2161.30560980903 2439.69444444444 2907.78705512153 2960.78705512153 2478.45366753472 1758.46297878689 1458.45370144314 1039.17591688368 851.240743001302 719.935194227431 627.861111111111 644.009250217014 893.694424099392 1015.65740288628 683.305555555556 2337.04624430339 4329.55550130208 4463.69447157118 4207.42588975694
-9999 -9999 -9999 -9999 -9999 -9999 -9999 -9999 -9999 -9999 -9999 -9999 -9999 -9999 -9999 -9999 -9999 -9999 -9999 -9999 -9999 -9999 2846.4333984375 3013.24077690972 2887.08336046007 3306.99991861979 3636.12033420139 3754.04627821181 3954.50002712674 3821.89816623264 4013.75927734375 4093.36111111111 4115.03705512153 4314.17591688368 4712.53713650174 5047.08338758681 4719.40733506944 3977.4814453125 4211.05550130208 3794.58333333333 3334.97219509549 3119.68522135417 3032.81483289931 2757.24072265625 2529.64811197917 2301.86108398438 1815.04628499349 2033.99997287326 2133.12037489149 1547.17591688368 1089.12962510851 948.555548773871 2523.98147243924 4275.97214084201 5155.37044270833
-9999 -9999 -9999 -9999 -9999 -9999 -9999 -9999 -9999 -9999 -9999 -9999 -9999 -9999 -9999 -9999 -9999 -9999 -9999 -9999 -9999 -9999 2882.83325195312 2408.537109375 2486.50925021701 2758.52780490451 2616.99074978299 2967.49072265625 3166.15738932292 3571.09261067708 3818.47227647569 3255.08336046007 2242.72226291233 2645.89816623264 3224.18519422743 3352.65741644965 4231.75933159722 5680.14816623264 5444.26844618056 4839.11111111111 4278.15744357639 3857.95366753472 3737.69444444444 3651.19441731771 3637.18519422743 3677.62963867188 3430.80555555556 2981.37038845486 2572.3981391059 2494.20372178819 2197.13886176215 1854.22220865885 1613.06479899089 2022.53708224826 2849.96295166016
