data/cape_peninsula/rasters90/Tmax_jan_mean.asc
NCOLS 225 
NROWS 643 
XLLCORNER 249990 
YLLCORNER 6189390 
CELLSIZE 90 
NODATA_value -9999 
[rows 144 to 167 of 643, columns 55 to 109 of 225]
28.3703356848823 27.7720707787408 28.0926310221354 28.8626590304904 29.1382575564914 28.4560532040066 28.0968072679308 26.6866539849175 25.1491086747911 24.8250287373861 24.3641215430366 24.3822718726264 24.0227525499132 24.04952261183 24.3043757544623 24.257027943929 23.392370223999 23.3467852274577 23.2275515662299 23.2814174228244 23.8547039031982 24.6132318708632 25.09494972229 24.2161396874322 24.0721594492594 23.7061983744303 23.8448433346219 24.3488405015733 25.2401966518826 26.7310458289252 27.6849710676405 28.0552811092801 27.5721929338243 27.1761531829834 27.3866047329373 27.6959626939562 28.492147869534 28.6444952223036 28.6338768005371 28.6132174597846 28.3939548068576 28.4664997524685 28.5462029774984 28.5285453796387 28.7118663787842 28.7072764502631 28.8522012498644 29.2200133005778 29.1311283111572 28.9623690711127 28.9230272505018 28.9760939280192 28.9509567684597 28.7903645833333 28.6566289265951
28.4370765686035 28.4416862063938 29.1546154022217 29.4218826293945 29.1665581597222 28.692564646403 27.927126566569 25.5439145829942 24.1922827826606 24.3930844200982 24.9966227213542 25.4909297095405 24.8610157436795 24.1898663838704 24.4970474243164 24.336907280816 24.6999367607964 25.1097592247857 24.4294929504395 24.1710919274224 24.4741967519124 24.8758021460639 25.710644616021 25.9518078698052 25.6206459469265 25.244291305542 25.0271699693468 24.8574621412489 25.3148913913303 25.8096622890896 27.1363105773926 28.2061316172282 28.0451420678033 27.843921661377 27.9461572435167 28.2073523203532 28.4373512268066 28.7011402977837 28.5782532162136 28.6648481157091 28.6345596313477 28.6538056267632 28.6296499040392 28.5886169009738 28.7133587731255 28.7198499043783 28.9145571390788 29.3535558912489 29.1993134816488 28.8874499003092 28.6751361423069 28.6925046708849 28.7340971628825 28.9032190110948 28.850149790446
29.2856750488281 29.5081386566162 29.6479579077827 29.4095590379503 29.131649017334 28.8233068254259 27.9031937917074 26.4632261064317 25.7834108140733 25.9271772172716 26.3414692348904 26.6809694502089 26.6697235107422 26.353387620714 26.1202519734701 25.7575732337104 25.5832360585531 25.7620054880778 25.9568843841553 26.0619015163845 26.138832728068 25.7695191701253 25.9730423821343 26.4385272132026 26.4521316952176 26.2216597663032 25.5143449571398 25.2231159210205 25.565100563897 25.9345679812961 26.3934726715088 27.7498599158393 28.4528013865153 28.2941576639811 28.2810741000705 28.293271806505 28.3776488833957 28.5377491845025 28.5514130062527 28.5356604258219 28.6113902197944 28.6544907887777 28.6147552066379 28.6534790462918 28.6792583465576 28.6883324517144 29.0428108639187 29.3994666205512 28.9721448686388 28.7245057423909 28.5655394660102 28.6071603563097 28.937858581543 28.9017505645752 28.4085343678792
29.3527861701118 29.3717316521539 29.2053638034397 28.9788799285889 28.7131871117486 27.8453525967068 27.0172536638048 27.224427541097 27.3073429531521 27.285923216078 27.3895602756076 27.6068837907579 27.7220395406087 27.5554417504205 27.484561920166 27.2028340233697 27.0132448408339 27.1207985348172 27.2234950595432 27.2315245734321 27.3856514824761 27.1341720157199 26.7493459913466 27.0873510572645 27.1232015821669 27.1518741183811 26.7359877692329 26.4492376115587 26.653065999349 26.8617695702447 26.763155831231 27.1070935991075 27.9670274522569 28.3419405619303 28.3133801354302 28.3190525902642 28.35977490743 28.3771699269613 28.5101335313585 28.5059229532878 28.4862698449029 28.4905692206489 28.5215343899197 28.6298427581787 28.6820765601264 28.639289855957 29.1419870588515 29.2847881317139 28.7655484941271 28.7076212565104 28.6502062479655 28.7502939436171 29.1101203494602 28.8964299096002 29.0070217980279
29.2090184953478 29.168296178182 28.9587224324544 28.4886014726427 27.7917442321777 27.3493726518419 27.5072580973307 27.674660788642 27.7807706197103 27.9137340121799 28.0209568871392 28.1357563866509 28.1078639560276 28.0953629811605 28.1346655951606 28.11486392551 28.1327724456787 28.2661622365316 28.3414594862196 28.2688113318549 28.2435427771674 28.2216440836589 28.0746466318766 27.9940431382921 28.0424221886529 27.9952070448134 28.1694384680854 28.1432558695475 27.9454176161024 27.8824174669054 27.9018374549018 27.9737097422282 28.1287797292074 28.3204822540283 28.423685921563 28.3971572452121 28.3936576843262 28.4378272162543 28.4951282077365 28.4529406229655 28.4722472296821 28.5333822038439 28.5525305006239 28.6571896870931 28.6282011667887 28.7890379163954 29.4498998853895 28.9421068827311 28.7930976019965 28.8264316982693 28.9140964084201 29.0762776268853 29.1047602759467 29.1569362216526 29.0454870859782
29.4264392852783 29.2736445532905 28.7433497111003 28.3242109086778 28.080145517985 27.7614415486654 27.7825287712945 27.892887963189 27.9749151865641 28.0296868218316 28.0904884338379 28.1435093349881 28.2312812805176 28.3184663984511 28.2565027872721 28.380513297187 28.437489827474 28.358760409885 28.3593046400282 28.2768402099609 28.2032040490044 28.2545210520426 28.3917480044895 28.5016064114041 28.3173762427436 28.3221759796143 28.2982567681207 28.3246847788493 28.3580423990885 28.2907886505127 28.3253671858046 28.3720247480604 28.3922646840413 28.4643692440457 28.4836752149794 28.5235040452745 28.4990639156765 28.4989433288574 28.4751904805501 28.4537122514513 28.5039215087891 28.5826740264893 28.6262452867296 28.6198170979818 28.667471991645 28.9444304572211 28.9760428534614 28.8810308244493 28.8519613477919 29.0741136338976 29.2385383182102 29.0140859815809 28.9695451524523 28.9748302035862 28.951047261556
29.6323670281304 29.5624429914686 29.3782776726617 28.8500556945801 28.3797175089518 28.0404003991021 27.8473247951931 27.8667822943793 27.9403061336941 27.9547182718913 28.0661464267307 28.0564481947157 28.052156024509 28.2439778645833 28.3852464887831 28.3285403781467 28.301565806071 28.3776141272651 28.3660269843207 28.3370592329237 28.1806371476915 28.2311982048882 28.276410208808 28.411434173584 28.4509245554606 28.4389021131727 28.3770097096761 28.3637589348687 28.4408548143175 28.5130108727349 28.5252632564969 28.4437024858263 28.4293340047201 28.5112090640598 28.6114641825358 28.6553613874647 28.6082975599501 28.521169450548 28.4872512817383 28.4881714714898 28.5427301194933 28.6323975457085 28.6920950147841 28.6353965335422 28.7059652540419 28.8949693044027 29.1126191880968 29.081951353285 29.0745699140761 29.2787596384684 29.1767775217692 29.1486545138889 29.2088777754042 29.0828789605035 28.9843254089355
29.7269651624891 29.4508323669434 29.0983874003092 28.7208921644423 28.2760109371609 28.0852451324463 28.0158568488227 27.9830947452121 28.0607168409559 28.0834891001383 28.1393201616075 28.1588550143772 28.3736000061035 28.3097417619493 28.3948385450575 28.5286710527208 28.3683393266466 28.3606332143148 28.371121512519 28.3795356750488 28.3380078209771 28.2969699435764 28.336922539605 28.4375175899929 28.4908373090956 28.5209435356988 28.4385659959581 28.2821210225423 28.3145635392931 28.3798789978027 28.4777200486925 28.5535979800754 28.5471627977159 28.5345537397597 28.6039579179552 28.7409869299995 28.7414158715142 28.6039519839817 28.5589093102349 28.5874981350369 28.6610548231337 28.7538138495551 28.7637403276232 28.7199204762777 28.8871171739366 29.3758820427789 29.6596082051595 29.3177801767985 29.0875392489963 29.5224745008681 29.6531463199192 29.727840423584 29.3222664727105 28.9220085144043 29.0593802134196
30.0774161020915 29.9607215457492 29.360348171658 28.7213832007514 28.3269676632351 28.2352415720622 28.2252061631944 28.2399764590793 28.2665072547065 28.1643021901449 28.1181165907118 28.2964729732937 28.4667797088623 28.5818292829725 28.5984533098009 28.6398139529758 28.5432868533664 28.489860534668 28.4769426981608 28.3845954471164 28.3764519161648 28.3488972981771 28.4758326212565 28.5697477128771 28.5456657409668 28.5711672041151 28.6142552693685 28.4670997195774 28.5580961439345 28.4957294464111 28.5066797468397 28.5543568929036 28.4909174177382 28.5398551093207 28.5935904184977 28.6024606492784 28.6470928192139 28.7096824645996 28.6814579433865 28.6834716796875 28.7178588443332 28.9267989264594 28.8179776933458 28.8806580437554 28.9897615644667 29.4518053266737 29.0966582828098 28.9933518303765 28.6815068986681 29.6217363145616 29.464288075765 29.4025158352322 29.3609271579319 29.0485833485921 29.2907278272841
30.0110852983263 29.8072759840224 28.9006010691325 28.5041717953152 28.401642481486 28.459936565823 28.5670460595025 28.6635699801975 28.6277709537082 28.4911579555935 28.364164352417 28.4556346469455 28.4887305365668 28.5281153784858 28.5851131015354 28.7030069563124 28.745685365465 28.5744416978624 28.6056429545085 28.6428123050266 28.3566741943359 28.2878674401177 28.4735861884223 28.5429450141059 28.6227895948622 28.6396293640137 28.5144973331028 28.6328792572021 28.7112242380778 28.7004676394992 28.7048219045003 28.7686057620578 28.7210523817274 28.7064533233643 28.7658212449816 28.7625264061822 28.7758261362712 28.8538434770372 28.8051047854953 28.7418026394314 28.9586669074164 28.9958602057563 29.0404989454481 28.9035917917887 29.3601932525635 29.4898999532064 29.4131395551893 29.3927925957574 28.9796767764621 29.5052462683784 29.3533939785428 29.370538075765 29.3402014838325 29.3554318745931 28.7532573276096
29.7358593410916 29.2222603691949 28.1543089548747 28.5615906185574 28.3349577585856 28.553411271837 28.6854129367404 28.8497000800239 28.9089073605008 28.5260274675157 28.4488321940104 28.3660053677029 28.4559919569227 28.4486278957791 28.709300994873 28.855565600925 29.0167511834039 28.8241611056858 28.6581155988905 28.7379372914632 28.7580346001519 28.5846750471327 28.6015588972304 28.6608030531141 28.6431115468343 28.7340034908719 28.8650432162815 28.8205814361572 28.8842957814534 28.9396078321669 28.8569740719265 28.9693086412218 28.8610632154677 28.8136200375027 28.7632808685303 28.8142933315701 28.800448735555 28.863831837972 28.9992241329617 29.047780778673 29.2622458140055 29.1540150112576 29.0189959208171 29.2672918107775 29.4735016292996 29.3388718499078 29.3349145253499 29.2500938839383 29.3517797258165 29.5426902770996 29.4021633995904 29.3074347178141 29.2136578030056 29.3396852281358 28.5053604973687
29.4295357598199 28.3738295237223 28.168607711792 28.5822200775146 28.5014756520589 28.8049197726779 28.848844104343 28.94465997484 29.1490495469835 28.4244770473904 28.4389824337429 28.4564747280545 28.4913380940755 28.6092959509955 28.7673115200467 28.8377865685357 28.9625750647651 29.0520555708143 28.8523767259386 28.9083145989312 28.859279844496 28.6757331424289 28.6067095862495 28.657874001397 28.8123330010308 28.7672663794623 29.0115619235569 29.1154935624864 29.0682235293918 29.1334915161133 28.9146584404839 28.9927236768934 28.9614215426975 28.8346756829156 28.901336034139 28.9595803154839 28.9199638366699 28.906771130032 29.032200495402 29.2815068562826 29.1597991519504 29.0979966057671 29.2065264383952 29.3004031711154 29.2092147403293 29.2926353878445 29.3850688934326 29.4383127424452 29.2086660597059 29.3079789479574 29.3990965949164 29.205964618259 29.1626046498617 28.7939097086589 28.2545621660021
28.4960178799099 27.9772516886393 28.3572597503662 28.5670534769694 28.7068695492215 28.8882073296441 29.0212620629205 29.0983185238308 29.0850552452935 28.5343761444092 28.4546557532416 28.5409124162462 28.5942111545139 28.6902556949192 28.7767418755425 28.8278047773573 28.9280842675103 29.127177980211 28.9058456420898 29.076879925198 28.9791931576199 28.7304674784342 28.6182142893473 28.6571261088053 28.782297346327 28.9130685594347 29.0277332729763 29.0023761325412 29.0520606570774 29.232982635498 29.0270014868842 28.9995604621039 28.8657230801053 28.9663132561578 29.0207602183024 29.0118234422472 29.0299328698052 29.0877401563856 29.3718075222439 29.3620683881972 29.5130958557129 29.7134685516357 29.7964115142822 29.6659236484104 29.4965784284804 29.4206498463949 29.4762183295356 29.2913436889648 29.2997184329563 29.3520656161838 29.2649951510959 29.0869547526042 28.9462814331055 28.1972143385145 28.171958287557
27.9037149217394 28.141109890408 28.4288230472141 28.6933371225993 28.8462793562147 29.0109810299344 29.0994769202338 29.1687155829536 29.351278728909 28.767728805542 28.443452835083 28.56597688463 28.7183157602946 28.7910209231906 28.913208855523 29.0200892554389 29.0908665127224 29.0896867116292 28.9847320980496 29.1116805606418 29.0378112792969 28.8980361090766 28.7328124576145 28.6942967308892 28.807792239719 28.9485407935248 28.9892828199599 29.0109958648682 29.0990428924561 29.2275216844347 29.100335015191 29.0197800530328 29.0531887478299 29.0531726413303 29.0203382703993 28.9964968363444 29.2261657714844 29.4733342064752 29.488714006212 29.5825441148546 29.6796838972304 29.7366080813938 29.8564311133491 29.4168660905626 29.6935886806912 29.7411905924479 29.7184251149495 29.5318147871229 29.3591378529867 29.2953868442112 29.1589387257894 28.8542007870144 28.3370501200358 27.6207118564182 27.8628512488471
27.8028852674696 28.0266070895725 28.3741991255018 28.5908455318875 28.8889071146647 29.1154956817627 29.2422574361165 29.0370672014025 29.3825583987766 28.8732660081651 28.6319465637207 28.6590419345432 28.7019930945502 28.760108311971 28.8650981055366 28.9940598805745 29.1085980733236 29.276150809394 29.0453279283312 29.0752234988742 29.0804668002658 28.9250238206651 28.7877118852403 28.7668993208143 28.8988342285156 28.9800728691949 28.9999872843424 29.0114345550537 29.0123339758979 29.2893522050646 29.1264402601454 29.0358106825087 28.9706501430935 29.06465933058 29.0380619896783 29.2300508287218 29.4963768853082 29.6725675794813 29.4774460262722 29.5712971157498 29.686701880561 29.5648398929172 29.5868271721734 28.9691433376736 29.4973854488797 29.698058658176 29.8110328250461 29.5767152574327 29.3441041310628 29.2342143588596 28.8089555104574 28.677331076728 28.3976537916395 27.4907476637099 27.3989980485704
27.9574760860867 27.9769876268175 28.3907718658447 28.5301594204373 28.7463790045844 29.1053882175022 29.2354545593262 29.1099338531494 29.2680134243435 29.1793397267659 28.9101505279541 28.798438390096 28.7822314368354 28.7924268510607 28.9096209208171 29.0417722066243 29.0770234002007 29.1783996158176 29.2141053941515 29.0458717346191 29.0778831905789 29.030558904012 28.9414643181695 28.9499109056261 29.0678651597765 29.1129313574897 29.0982331169976 29.1105971866184 29.0545641581217 29.1999770270454 29.2442622714572 29.1035743289524 29.0627125634087 29.1297175089518 29.2465934753418 29.4099898868137 29.9040900336372 29.8522779676649 29.7718880971273 29.6761603885227 29.6647307078044 29.5343100229899 29.4684331681993 29.0039238399929 29.7029518551297 29.6475825839572 29.6467734442817 29.3230936262343 29.2787829505073 28.810704337226 28.2482507493761 28.2222949133979 27.6192995707194 27.167593214247 27.6468781365289
27.8490776485867 28.0449316236708 28.3020968967014 28.5637664794922 28.7329343159993 28.9613999260796 29.1248857710097 29.2167920006646 29.1139197879367 29.2943789164225 29.1510908338759 28.9364772372776 28.866711086697 28.8820010291205 28.9177544911702 28.9988842010498 28.9722688462999 29.1012886895074 29.2781018151177 29.0418071746826 29.0700475904677 29.1350970798069 29.167205174764 29.1651278601752 29.2131343417697 29.2355978224013 29.1726122962104 29.1152496337891 29.2747037675646 29.4196234809028 29.3763114081489 29.3413611518012 29.493901570638 29.1133100721571 29.381685256958 29.7659132215712 29.7995628780789 29.6652581956651 29.6206116146511 29.7290965186225 29.4972991943359 29.230175866021 29.2603100670709 29.4236359066433 29.7702674865723 29.7186224195692 29.6079436408149 29.4086644914415 29.1963138580322 28.6223424275716 28.0942673153347 27.801187939114 26.8687695397271 27.3330758412679 27.6476955413818
27.7794687483046 28.0342010921902 28.2197208404541 28.517692565918 28.6946760813395 28.9546313815647 29.0919831593831 29.1784483591715 29.0943891737196 29.1173617045085 29.2664903004964 29.053558561537 28.9205813937717 28.9459874894884 28.996832953559 29.0088348388672 29.0330994923909 29.1134243011475 29.2325083414714 29.085499657525 29.0975407494439 29.1523225572374 29.200467215644 29.2168894873725 29.2615968916151 29.3548312717014 29.1900111304389 29.4915093315972 29.5430441962348 29.5652425554064 29.5789036220974 29.5688069661458 29.5938351949056 29.6763174268934 30.001040564643 29.9521052042643 29.7762506273058 29.5444853040907 29.4664253658719 29.441109975179 29.4091320037842 29.3493881225586 29.552417755127 29.7193160586887 29.6256484985352 29.5567232767741 29.4317143758138 29.2224527994792 29.0044434865316 28.7704611884223 28.4390627543131 27.6949933369954 26.6872965494792 27.3246262868245 27.6319834391276
27.7704635196262 28.0240709516737 28.2629055447049 28.5170883602566 28.6662741767036 28.9191525777181 28.9992762671577 29.1378688812256 29.0977704789903 28.9878075917562 29.1464917924669 29.2407889895969 29.0630912780762 29.0405440860324 29.0581987169054 29.1423269907633 29.1579948001438 29.1409367455377 29.2605408562554 29.3132497999403 29.1786060333252 29.1939652760824 29.225107828776 29.3896558549669 29.4537080128988 29.3986367119683 29.5233563317193 29.5913058386909 29.5107356177436 29.5319220225016 29.5619564056396 29.6106236775716 29.5322091844347 29.5322371588813 29.5631993611654 29.5688497755263 29.5257288614909 29.3855503929986 29.2197070651584 29.2627995808919 29.6012997097439 29.7233789232042 29.7106198204888 29.5955863528781 29.4846808115641 29.3063271840413 29.0680747561985 28.7930918799506 28.4631816016303 28.2496030595567 27.971904542711 27.2412954966227 27.1202827029758 27.1750676896837 27.625192006429
27.9849673377143 28.0925627814399 28.4065104590522 28.5712114969889 28.711794535319 28.7929055955675 28.9445826212565 29.0223581526015 29.1383137173123 29.0268359714084 29.0318037668864 29.1675256093343 29.1155158148872 29.0962022145589 29.1656356387668 29.1555188496908 29.1695537567139 29.228943294949 29.1663114759657 29.2390083736844 29.3986006842719 29.4614938100179 29.5251004960802 29.5640184614393 29.6024621327718 29.6860018836127 29.6653164757623 29.7421819898817 29.7990485297309 29.6820038689507 29.5289573669434 29.3458949195014 29.44528304206 29.4001916249593 29.4601476457384 29.4922387864855 29.4531525505914 29.2632194095188 29.0835386912028 29.464527130127 29.5979934268528 29.4812653859456 29.4927728441026 29.4060957166884 29.2273784213596 29.0589440663656 28.7957087622748 28.2741281721327 27.6178574032254 27.0040717654758 26.745433807373 26.9702076382107 27.0568798912896 27.2717348734538 27.7181496090359
28.0825970967611 28.2837528652615 28.4401849110921 28.6311579810248 28.707699669732 28.7308177947998 28.8687856462267 28.95416047838 29.073110792372 29.0257263183594 29.0306856367323 29.1312607659234 29.1720848083496 29.1912456088596 29.2511891259087 29.2496003044976 29.2187472449409 29.2406972249349 29.4279318915473 29.4854740566678 29.5726356506348 29.5956213209364 29.6456027560764 29.6496272616916 29.7318231794569 29.8145635392931 29.859764734904 29.7385192447238 29.7340426974826 29.5299898783366 29.517753177219 29.6996786329481 29.4692899915907 29.4385119544135 29.4109878540039 29.3314177195231 29.2255511813694 29.2987757788764 29.3120070563422 29.4840776655409 29.401483323839 29.3271940019396 29.1279072231717 28.8284473419189 28.6951726277669 28.7558159298367 28.3970493740506 27.9150833553738 27.2385389539931 26.2204598320855 26.2410380045573 26.8441965315077 26.7101489173041 27.0567105611165 27.3347114986844
28.1925835079617 28.4388802846273 28.4755836062961 28.565656238132 28.7462571461995 28.7515572441949 28.7157679663764 28.8946389092339 28.9780926174588 29.054503970676 29.1196119520399 29.031521903144 29.1078436109755 29.22989209493 29.1688401963976 29.2385336558024 29.4455382029215 29.5212484995524 29.564991845025 29.6595380571153 29.7683478461372 29.7382956610786 29.7512408362495 29.777400970459 29.920990202162 29.832937028673 29.7356419033474 29.7802969614665 29.7895889282227 29.6465822855631 29.7552293141683 29.8795479668511 29.2105861239963 29.5259077284071 29.3065789540609 29.1768817901611 29.1396719614665 29.2169437408447 29.3389650980631 29.3913667466905 29.3224737379286 29.1381043328179 28.7006766001383 28.0456460316976 28.0531069437663 28.3153584798177 28.0929232703315 27.6201924218072 26.7849784427219 25.5308683183458 25.8169019487169 26.7732359568278 26.152151743571 26.4900764889187 26.715387556288
28.409705903795 28.3422090742323 28.4930884043376 28.6135156419542 28.7656550937229 28.7904824150933 28.7990904914008 28.9151730007595 29.1068416171604 29.1267411973741 29.1791019439697 29.1111373901367 29.1216799418131 29.07025358412 29.1806191338433 29.4027661217584 29.5708406236437 29.84829182095 29.8764769236247 29.9182546403673 29.9390104081896 29.938379711575 29.9144742753771 29.9192059834798 29.7023745642768 29.679176542494 29.6520014868842 29.6362595028347 29.6095407274034 29.65456199646 29.6580880482992 29.4217041863335 28.972067726983 29.1704853905572 29.0475379096137 28.9596282111274 28.9904113345676 29.0294573042128 29.262866973877 29.3166569603814 29.0914308759901 28.6817612118191 28.1200805240207 27.789768854777 27.3445743984646 27.4550302293566 27.6229148440891 27.3644436730279 26.6814914279514 25.5671225653754 25.972954220242 26.2810368008084 25.7715521918403 26.2128100925022 26.2820279863146
28.4571878645155 28.3199927012126 28.4331465827094 28.6339244842529 28.7987276713053 28.8457039727105 28.8515438503689 28.9599160088433 29.13591893514 29.2087078094482 29.1905396779378 29.1823117997911 29.1477341122097 29.0640072292752 29.2977739969889 29.6748364766439 30.0089596642388 29.8587794833713 29.7231703864204 29.7938009897868 29.8066904279921 29.9131505754259 29.9550412495931 29.7719599405924 29.626766204834 29.5621083577474 29.6153825124105 29.6035230424669 29.6231218973796 29.672292497423 29.594277911716 29.6221328311496 28.8826883104112 28.923317167494 28.5438785552979 28.9529334174262 28.9830284118652 29.1755936940511 29.2837198045519 29.3560869428847 28.8979829152425 28.4583280351427 27.7336290147569 27.0648259056939 27.1683663262261 26.493678410848 27.1547938452827 26.7896272871229 25.8332203759087 25.3669412400987 25.9957466125488 25.8850335015191 25.8961929745144 25.0965535905626 25.3700970543755
