data/cape_peninsula/rasters90/Tmax_jan_mean.asc
NCOLS 225 
NROWS 643 
XLLCORNER 249990 
YLLCORNER 6189390 
CELLSIZE 90 
NODATA_value -9999 
[rows 120 to 143 of 643, columns 165 to 219 of 225]
28.7020310295953 28.5635227627224 28.5200807783339 28.4936781989204 28.4660856458876 28.5735975901286 28.6612652672662 28.6368940141466 28.68204053243 28.7298435635037 28.7940086788601 28.6704841189914 28.6468815273709 28.6931419372559 29.4480427636041 29.4566697014703 28.7842835320367 28.5532805124919 28.5647243923611 28.5579882727729 28.5532580481635 28.5541759067112 28.6265207926432 28.57605404324 28.6831771002875 28.715595457289 28.7589753468831 28.7834252251519 28.7559619479709 28.8742230733236 28.8027617136637 28.8642169104682 28.7923458947076 28.8398132324219 28.7322224511041 28.7664729224311 29.2693275875515 29.0688567691379 28.7228999667697 28.9644881354438 29.2413436041938 29.0574306911892 29.1000139448378 28.6643901401096 29.364572736952 28.9132879045275 28.6723075442844 28.9696587456597 29.1442250145806 29.250791337755 29.0649689568414 28.7817408243815 28.8163848453098 28.9836870829264 28.6983958350288
28.526123046875 28.5964554680718 28.5657636854384 28.5558478037516 28.5380549960666 28.6003477308485 28.6700818803575 28.7392381032308 28.6747033860948 28.705052057902 28.7148965199788 28.6836140950521 28.6301879882812 28.6636628044976 29.1398213704427 29.2108135223389 28.5709080166287 28.5942427317301 28.5744448767768 28.5334593454997 28.5478856828478 28.6069102817112 28.5867091284858 28.5939180586073 28.6323432922363 28.6374952528212 28.6477788289388 28.7525795830621 28.7203294965956 28.8304335276286 28.8270087771945 28.7904190487332 28.6575372483995 28.7843742370605 28.685358259413 28.8657601674398 29.3206702338325 29.3532687293159 29.0204616122776 28.8609737820095 28.9066236284044 29.147618399726 28.8902821011013 28.8227888743083 29.0524889628092 28.8944799635145 28.9428373972575 29.1948138342963 29.0690303378635 28.8052423265245 29.1704586876763 28.8198231591119 28.7963214450412 28.9562494489882 28.9047845204671
28.5496743520101 28.5898865593804 28.5463852352566 28.5425321790907 28.5355430179172 28.5526983473036 28.6381729973687 28.7768713633219 28.7606777615017 28.7721061706543 28.7134541405572 28.7184079488118 28.6858531104194 28.6855583190918 29.1564324696859 29.2207548353407 28.5446404351128 28.5918909708659 28.5911712646484 28.5767546759711 28.5583498213026 28.5932165781657 28.5812363094754 28.5816646152072 28.6316132015652 28.6318249172635 28.7194054921468 28.7842566172282 28.7101862165663 28.7208508385552 28.9560197194417 29.2638617621528 28.636995739407 28.9787972768148 29.2773700290256 29.2678131527371 29.1187010871039 29.3192261589898 29.0129324595133 28.8315728505452 28.7450688680013 28.7813835144043 28.6983784569634 29.0195482042101 29.3552491929796 28.9624512990316 29.3458402421739 29.2153449588352 29.3812561035156 29.0805036756727 29.2589560614692 29.1911934746636 28.6406222449409 28.8594074249268 28.7580240037706
28.5822934044732 28.6100220150418 28.5259261661106 28.5362652672662 28.5600763956706 28.5801190270318 28.623954349094 28.6596497429742 28.663613849216 28.7173209720188 28.7838187747531 28.7056308322483 28.6942174699571 28.6738262176514 29.2531581454807 28.8773348066542 28.548566394382 28.5830143822564 28.6080131530762 28.6127675374349 28.5523420969645 28.548786799113 28.5766800774468 28.5713041093614 28.6258674197727 28.6654571957058 28.7743174235026 29.0592797597249 28.7804472181532 28.6869782341851 28.7574265797933 28.8489261203342 28.7484419080946 28.9261644151476 29.2836197747125 28.8042731814914 28.8118023342556 29.0538736979167 29.1358233557807 28.891316095988 28.8053234948052 29.0904473198785 28.743224673801 29.2038873036702 28.8383348253038 29.081371307373 29.0181588066949 29.3614781697591 28.9065526326497 29.0557812584771 28.8724831475152 28.9352957407633 28.9627490573459 28.8456264071994 29.0747881995307
28.5446569654677 28.5845858256022 28.561696794298 28.5429180992974 28.5701043870714 28.5852555169 28.6196183098687 28.589286380344 28.5826647016737 28.6158305274116 28.6375912560357 28.7417854732937 28.7395979563395 28.6493405236138 29.4140635596381 28.8669473859999 28.6121891869439 28.607123904758 28.6463072035048 28.6017314063178 28.6366161770291 28.5701037512885 28.5160136752658 28.5975437164307 28.6748038397895 28.7094751993815 28.7317640516493 28.6771293216281 28.628693262736 28.5927492777506 28.5748920440674 28.7268339792887 29.0302270253499 28.7460394965278 28.8894604576959 28.8153692881266 28.7921822865804 29.0646478864882 28.707065794203 28.8563925425212 28.9285903506809 28.9680311414931 28.7915032704671 29.0181386735704 28.8950375450982 28.8417233361138 29.2840705447727 29.0674896240234 29.0984285142687 28.9930578867594 28.6808386908637 28.9722963968913 28.7754222022163 28.7629534403483 28.7264041900635
28.4975571102566 28.5560771094428 28.5102755228678 28.4914851718479 28.49829949273 28.5567258199056 28.5942539638943 28.5960388183594 28.5598163604736 28.6132147047255 28.6508110894097 28.7886403401693 28.7806705898709 28.9022367265489 29.3942099677192 28.7900337643094 28.6480926937527 28.6178268856472 28.6818006303575 28.6383703019884 28.6525073581272 28.508002811008 28.6143942938911 28.6535602145725 28.7536362542046 28.7118988037109 28.6876398722331 28.6488562689887 28.6933778127034 28.7218015458849 28.8885921902127 29.0518419477675 28.774009068807 28.7125689188639 28.7159088982476 28.7231737772624 28.921511332194 28.941077126397 28.8037827809652 28.7091195848253 29.0876191457113 29.350717332628 28.8660683102078 29.0278778076172 29.1711277431912 28.8496498531765 29.2536055246989 28.8612827724881 29.2917817433675 28.8623708089193 28.7921040852865 28.950044631958 28.7305766211616 28.738792207506 28.8556921217177
28.3555020226373 28.4594841003418 28.4461203681098 28.451793246799 28.4499935574002 28.4559118482802 28.4904494815403 28.5156408945719 28.5504256354438 28.5797286563449 28.7053546905518 28.899261686537 28.7495797475179 29.3396860758464 29.3345377180311 28.7719904581706 28.6205575731066 28.6709897783067 28.655692630344 28.6746675703261 28.650428560045 28.5539665222168 28.6389200422499 28.7239888509115 28.7661872439914 28.7230955759684 28.6720049116347 28.7173900604248 28.7004390292697 28.7695808410645 28.808043162028 28.79998143514 28.766450881958 28.8530504438612 28.8310006459554 28.7049600813124 28.8208505842421 28.9079045189752 29.0465270148383 28.8287258148193 29.3030948638916 29.2132617102729 28.5902989705404 28.6452155643039 28.7686019473606 29.1025625864665 29.0881290435791 28.9476064046224 29.1907092200385 28.8373152414958 28.8848300509983 28.9145276811388 28.7809293535021 29.0074933369954 28.7313546074761
28.3507985009087 28.3577346801758 28.3263708750407 28.4233290354411 28.4214611053467 28.4148856268989 28.4402588738335 28.451684527927 28.5223609076606 28.5815635257297 28.8390865325928 28.9377307891846 29.2031114366319 29.4998310936822 29.1925046708849 28.5618305206299 28.6000033484565 28.6949649386936 28.6260710822211 28.6922251383464 28.6623982323541 28.572806040446 28.5934770372179 28.7231932746039 28.7030052608914 28.6560312906901 28.5884986453586 28.6847483317057 28.7966891394721 29.0694974263509 28.7077736324734 28.7650869157579 28.8558519151476 28.8218133714464 28.8152105543349 28.8892928229438 28.813648223877 28.9639070298937 28.8221035003662 28.8342791663276 29.3882545895047 29.0276381174723 28.7114950815837 28.6640877193875 28.7412545945909 29.0762911902534 29.0159445868598 29.1343977186415 29.3454888661702 28.9298962487115 28.8512842390272 28.9224770863851 29.0035139719645 28.8751941257053 29.0715537601047
28.2527188195123 28.3358927832709 28.2919207678901 28.287204530504 28.2310990227593 28.3674727545844 28.4061923556858 28.4026826222738 28.4784821404351 28.6652948591444 28.9461752573649 28.8728885650635 29.4643283420139 29.3457455105252 28.4863961537679 28.5022981431749 28.6392849816216 28.6491612328423 28.6797822316488 28.6966531541612 28.6586040920681 28.5882875654432 28.6716946495904 28.7002453274197 28.6552918752034 28.6623331705729 28.6569983164469 28.6705390082465 28.897821214464 28.9851864708794 28.8263835906982 28.6683934529622 28.7407847510444 28.8249229855008 28.9028112623427 29.1881561279297 28.7857873704698 29.0398515065511 28.8590662214491 29.2788274553087 28.7874467637804 28.8100516001383 28.7933160993788 28.850372950236 28.9672029283312 29.1010602315267 29.322852452596 29.3497074974908 29.0974547068278 28.8286490970188 28.8942809634738 28.8440640767415 28.9984457227919 28.8767960866292 28.9640390608046
28.2365953657362 28.3124351501465 28.3516453637017 28.3965259128147 28.3347939385308 28.2843343946669 28.3654085795085 28.4072430928548 28.5508183373345 28.7692930433485 28.9559997982449 29.1088903215196 29.4236337873671 28.9914018842909 28.5005775027805 28.504292594062 28.6448508368598 28.6076039208306 28.6905623541938 28.6989487542046 28.6448588901096 28.6153130001492 28.6813719007704 28.6848839653863 28.6950024498834 28.6890716552734 28.6448249816895 28.7140201992459 28.8135840098063 28.7480104234483 28.9024215274387 28.8623843722873 28.7181284162733 28.8338962131076 28.8324300977919 29.128691567315 28.9901712205675 29.0507899390327 28.8658862643772 29.105254067315 29.0362737443712 28.7599040137397 28.8817749023438 29.0182261996799 29.005951139662 29.0939265357123 29.2645937601725 29.0746650695801 28.8675615522597 28.8546178605821 28.822721057468 28.8583238389757 28.8767064412435 28.9853201972114 28.7704730563694
28.3247127532959 28.5008678436279 28.650551478068 28.6526913113064 28.6470701429579 28.6394343905979 28.4224571651883 28.4359408484565 28.5895968543159 28.7665388319227 28.8344779544406 29.1260066562229 29.3555437723796 28.7266703711616 28.4989950391981 28.5366499159071 28.6247369978163 28.6054761674669 28.6872321234809 28.6857886844211 28.671028137207 28.6141507890489 28.6815412309435 28.710118399726 28.6847014957004 28.7332619561089 28.699197769165 28.7278984917535 28.7736275990804 28.7100870344374 28.7312196095784 28.7560414208306 28.7653687795003 28.6603645748562 28.8178556230333 29.0694052378337 29.3120820787218 28.9830012851291 28.9788390265571 29.0050644344754 28.8460708194309 28.756745868259 28.9222973717584 28.9690799713135 28.8708224826389 29.2290240393745 29.0760576460097 28.9633994632297 28.7876586914062 28.8165696461995 29.0859360165066 28.7953798505995 28.9220911661784 29.0063559214274 28.8802488115099
28.5357062021891 28.6259600321452 28.8259819878472 28.7474505106608 28.7480386098226 28.7975593143039 28.5368232727051 28.3887460496691 28.5078591240777 28.6836242675781 28.6890260908339 28.8923905690511 29.1518154144287 28.4210499657525 28.4880860646566 28.5759978824192 28.6508310106066 28.6412094963921 28.7038805219862 28.6697646247016 28.6206546359592 28.6583843231201 28.6916249593099 28.7254746754964 28.6853862338596 28.6503172980414 28.6628557840983 28.718090057373 28.9379630618625 28.6978990766737 28.7654257880317 29.0084154340956 29.0552501678467 29.1137432522244 28.6989996168349 28.8382136027018 29.2391562991672 28.8909587860107 28.897419611613 29.0714997185601 28.8341200086806 28.7752403683133 28.6950283050537 29.0928688049316 29.3304617140028 29.0832335154215 29.0851467980279 28.8312244415283 28.7004947662354 28.766732957628 29.0177858140733 28.8893388112386 29.0008591545953 29.0809894137912 28.9328617519803
28.6173102060954 28.6379954020182 28.805103302002 28.7977074517144 28.9365020328098 28.7267197502984 28.7324689229329 28.3163632286919 28.4021854400635 28.488412645128 28.4992340935601 28.432859632704 28.3863872951931 28.4892338646783 28.5724957784017 28.6421930525038 28.6399114396837 28.6127285427517 28.6805953979492 28.672913869222 28.6170052422418 28.684103012085 28.7105049557156 28.7487116919623 28.67095735338 28.8454971313477 28.8761908213298 28.9358024597168 28.834171295166 28.6614617241753 28.719215604994 28.9940603044298 28.8562925126817 29.073140250312 28.9550480312771 28.8008865780301 29.4102626376682 28.8992065853543 28.8994318644206 29.1045436859131 29.0449634128147 28.6537912156847 28.7644504970974 28.8630746205648 29.2246206071642 28.8286533355713 28.8458385467529 28.9132130940755 28.7254471249051 28.7351245880127 29.0283942752414 28.8874295552572 28.9083071814643 29.1454558902317 28.9590464697944
28.5706276363797 28.6566876305474 28.7706631554498 28.8212066226535 28.9422122107612 28.9131213294135 28.7660015953912 28.4018874698215 28.5304063161214 28.4869785308838 28.428258895874 28.3801992204454 28.4462407430013 28.5588720109728 28.5838250054253 28.5702682071262 28.576130549113 28.5917941199409 28.6895637512207 28.6417988671197 28.6478972964817 28.694008509318 28.7256128523085 28.7240895165337 28.6264822218153 28.5929114023844 28.6092713673909 28.6516289181179 28.6746963924832 28.7307415008545 28.7465892367893 28.6791727277968 28.774478064643 28.7849714491102 29.0744842953152 29.0181340111627 28.8711386786567 28.5947363111708 28.8792885674371 29.282818476359 28.9094350602892 28.7387953864204 28.6048762003581 28.9754388597276 28.8701438903809 28.8686453501383 29.0657172732883 28.9327867296007 28.7243917253282 28.7795242733426 28.8842614491781 28.9901010725233 29.0558342403836 28.8881971571181 28.955481423272
28.5308496687147 28.6689889695909 28.7252286275228 28.709022310045 28.9172653622097 29.0815823872884 28.7439698113335 28.5772321489122 28.7091787126329 28.7612300448947 28.7501400841607 28.5557742648654 28.4897939893934 28.5508821275499 28.4680080413818 28.4903125762939 28.5436471303304 28.6337339613173 28.6965554555257 28.6611018710666 28.6762133704291 28.6835157606337 28.7068826887343 28.7060888078478 28.6714549594455 28.6424643198649 28.7554880777995 28.6736128065321 28.7369452582465 28.7940163082547 28.8461759355333 28.7868707444933 28.756827460395 28.725766075982 28.9045083787706 28.9667892456055 28.8195304870605 28.7667571173774 28.9561244116889 29.0606611039903 29.0053819020589 28.9628119998508 28.7555584377713 28.9061847262912 28.881901635064 29.0794383154975 28.9758065541585 28.8782126108805 28.8196430206299 28.8969989352756 28.7520826127794 29.0035658942329 29.0233777364095 28.6797712114122 29.0273445977105
28.52527279324 28.6676040225559 28.6879316965739 28.7092147403293 28.894995159573 28.9960295359294 28.8958761427138 28.7347304026286 28.7521150377062 28.8049432966444 28.8615182240804 28.794011010064 28.4870599110921 28.4758165147569 28.3843794928657 28.4429711235894 28.5633256700304 28.6915425194634 28.6471290588379 28.6492354075114 28.6563010745578 28.6910398271349 28.7214999728733 28.7345089382595 28.6895819769965 28.756323284573 28.7265366448296 28.6456400553385 28.7176886664497 28.775266011556 28.7908835940891 28.8570406172011 28.8026438819038 28.839975145128 28.9250134362115 29.0895570119222 29.1337218814426 29.1525755988227 28.88620101081 29.1035294002957 28.9142214457194 28.7855086856418 28.7873147328695 28.7944051954481 28.7375431060791 29.0727136400011 29.0172057681613 28.8009861840142 28.9280673133002 28.9328861236572 28.9429168701172 28.8363933563232 29.3662350972493 29.0468461778429 28.9738867017958
28.5254948933919 28.5762655470106 28.6635326809353 28.6939389970567 28.7454153696696 29.0381047990587 28.8083803388807 28.8503805796305 28.8082141876221 28.815614912245 28.883970896403 28.8986225128174 28.6567499372694 28.4128506978353 28.3213585747613 28.4443486531576 28.5569326612684 28.6829475826687 28.6287737952338 28.6428190867106 28.6875716315375 28.7029249403212 28.7537377675374 28.7573956383599 28.6987209320068 28.6354813045926 28.6645395490858 28.6447948879666 28.6987838745117 28.7314802805583 28.7382342020671 28.8059366014269 28.8097464243571 28.9875494639079 29.2792542775472 29.3299855126275 29.0192752414279 29.0285987854004 28.7842205895318 28.9534142812093 28.8591391245524 28.8589365217421 28.7476440005832 28.9026802910699 28.8185797797309 28.987211227417 28.7040877872043 28.9230770534939 28.8403398725722 29.3116469913059 28.8062229156494 28.9169385698107 29.1154005262587 28.8975363837348 29.0315083397759
28.7681193881565 28.6694134606255 28.6913899315728 28.762217203776 28.7955216301812 28.8139629364014 28.9718180762397 28.9989657931858 28.8875473870171 28.7045076158312 28.8151285383436 28.9082508087158 28.8193742964003 28.6544261508518 28.3146190643311 28.4805280897352 28.600972281562 28.6696917215983 28.6663214365641 28.7315457661947 28.7271575927734 28.737619611952 28.7575357225206 28.7384741041395 28.698332256741 28.6595605214437 28.6273331112332 28.6741038428413 28.7351387871636 28.7768079969618 28.7413249545627 28.6894069247776 28.6232662200928 29.108481725057 29.1043438381619 29.1486676534017 29.2313558790419 28.8565629323324 28.7379472520616 28.6252877977159 28.700164159139 28.6698898739285 28.8899421691895 28.7458574506972 29.1673969692654 28.8987269931369 28.9514111412896 28.8989086151123 28.896475897895 28.8627880944146 28.9609334733751 29.0061505635579 29.145409266154 28.9506551954481 29.0647358364529
28.9544533623589 28.9592611524794 28.942181693183 28.8859416113959 28.7898341284858 28.78889825609 28.6493070390489 28.6853934393989 28.9790136549208 28.8801907433404 28.7950176662869 28.902859793769 28.8625274234348 28.8665618896484 28.5507142808702 28.6229508717855 28.6822963290744 28.6868680318197 28.6601662105984 28.7943689558241 28.7193211449517 28.7352307637533 28.7254994710286 28.7169816758898 28.7025860680474 28.6881571875678 28.7015126546224 28.7488254970974 28.7868412865533 28.7206861707899 28.6119429270426 28.7248210906982 29.0006877051459 29.4931282467312 29.2231877644857 29.2428961859809 29.0683428446452 28.9622847239176 28.8098208109538 28.725648244222 28.6114169226752 28.71160252889 28.9184532165527 28.7063774532742 28.8577692243788 28.9225792355008 29.0018986596002 28.7867401970757 28.7825925615099 28.8457645840115 28.8803992801242 28.9565611945258 29.0301405588786 29.0387516021729 29.0800594753689
28.837426715427 28.6168630388048 28.7160369025336 28.7178872426351 28.6644348568386 28.9992025163439 28.626445558336 28.7452564239502 28.7240929073758 28.9612333509657 28.9042477077908 28.920522901747 28.8197502560086 28.8969270918104 28.7848534054226 28.667632844713 28.6424994998508 28.6385033925374 28.6599790785048 28.6994510226779 28.7753993140327 28.7431407504612 28.7442811330159 28.7369177076552 28.730555428399 28.7506535847982 28.7896991305881 28.8063072628445 28.7133555942112 28.6253787146674 28.600824991862 28.8163072797987 29.1217685275608 28.9913109673394 28.9849662780762 29.1265920003255 28.9127595689562 28.9311561584473 29.0389980740017 28.8696505228678 28.9013103908963 28.8727677663167 28.8896539476183 28.7380101945665 28.7889048258464 28.8317481146918 28.9554492102729 28.7991983625624 28.8539729648166 28.818409813775 28.7968504163954 28.7985367245144 29.1723685794406 29.1459181043837 29.0879311031765
28.6808499230279 28.836524327596 28.6513277689616 28.7432545555962 28.6540571848551 28.567907333374 28.5720562405056 28.7188629574246 28.7798934512668 28.8031925625271 28.8839179144965 28.860225253635 28.8237982855903 28.8353055318197 28.8327278561062 28.7162967258029 28.6574944390191 28.6458649105496 28.6647332509359 28.8490973578559 28.847526550293 28.7954705556234 28.769224802653 28.7621650695801 28.719790564643 28.7168384128147 28.7790938483344 28.7602064344618 28.765874226888 29.0034444597032 28.863490846422 29.0654491848416 28.7909562852648 28.7819385528564 29.0509452819824 28.7343258327908 28.7271783616808 28.6821041107178 29.11922899882 28.786078982883 28.9258490668403 28.8639261457655 28.990852355957 28.8270144992404 28.837639702691 28.6583991580539 28.8105443318685 28.7953728569878 28.8092460632324 28.7588566674127 28.8223912980821 28.7897355821398 29.1864587995741 29.0263279808892 28.9523402320014
28.4680042266846 28.3983137342665 28.4122125837538 28.4413971371121 28.4674890306261 28.4582689073351 28.5226550632053 28.683051639133 28.7455107371012 28.6218560536702 28.848153008355 28.8668833838569 28.8485463460286 28.8132790459527 28.770304997762 28.6832288106283 28.6401727464464 28.6303350660536 28.7222889794244 28.7531475490994 28.7465262942844 28.7286557091607 28.7377101050483 28.7139735751682 28.6742566426595 28.7273847791884 28.7147471110026 28.6789415147569 28.7064060635037 28.9335899353027 28.837946150038 28.9794635772705 28.7454155815972 28.7600421905518 28.9964741600884 28.7362259758843 28.712502585517 28.9228312174479 28.9207950168186 28.7272194756402 28.8389566209581 28.6598919762505 28.7602962917752 28.8524341583252 28.9722457461887 28.8766788906521 28.8970330556234 28.8034008873834 28.7763648562961 28.8707707722982 28.7182837592231 28.9701824188232 29.0454449123806 28.9490280151367 29.0353978474935
28.4753979576959 28.3588053385417 28.3277507358127 28.3642332288954 28.4469146728516 28.511715359158 28.615656958686 28.6399343278673 28.650811513265 28.7212715148926 28.7376177046034 28.88210105896 28.8834537929959 28.8446985880534 28.7859210968018 28.6904256608751 28.688412560357 28.6275085873074 28.7077753278944 28.6988224453396 28.7397488488091 28.7146564059787 28.7545166015625 28.7769788106283 28.7737464904785 28.7567795647515 28.797720167372 28.8666962517632 29.110261493259 28.6423897213406 28.7922562493218 29.1440597110324 28.9305778079563 28.7952910529243 29.062702814738 28.740838792589 28.7284933725993 28.9800749884711 28.8184691535102 28.9501234690348 28.9708741505941 28.8340254889594 28.8480603959825 28.9889753129747 28.8725935618083 28.9267450968424 28.9325608147515 28.8969251844618 28.8210279676649 28.9259020487467 28.9126192728678 28.9234555562337 28.9950591193305 29.1267051696777 28.791249593099
28.4029384189182 28.2281646728516 28.3561511569553 28.4900300767687 28.5588243272569 28.6151561737061 28.7265042199029 28.6097810533312 28.6693248748779 28.7248543633355 28.7124650743273 28.8561604817708 28.8401169247097 28.8791717953152 28.819183561537 28.7412874433729 28.6967680189345 28.7474793328179 28.7363469865587 28.7443750169542 28.7438237931993 28.7352229224311 28.7749025556776 28.8065668741862 28.8232428232829 28.7949284447564 28.7661204867893 28.771075990465 29.0275249481201 28.9459099239773 28.8444194793701 28.9881598154704 28.9610163370768 28.8255697886149 28.8262026045057 28.8383382161458 28.830761803521 28.8405700259738 28.8568759494358 28.8910071055094 29.0109399159749 28.7723274230957 28.7543591393365 28.8044730292426 28.9357967376709 29.0465876261393 28.840818617079 28.8645996517605 28.7217021518283 28.8239288330078 28.9589095645481 29.3200136820475 28.7903720008002 29.0730953216553 29.0421733856201
