data/cape_peninsula/rasters90/Tmax_jan_mean.asc
NCOLS 225 
NROWS 643 
XLLCORNER 249990 
YLLCORNER 6189390 
CELLSIZE 90 
NODATA_value -9999 
[rows 360 to 383 of 643, columns 55 to 109 of 225]
29.0882897377014 29.219557762146 28.9896812438965 -9999 -9999 -9999 -9999 -9999 -9999 -9999 -9999 -9999 -9999 -9999 -9999 29.8460674285889 29.8524553510878 29.5881483289931 29.12273534139 28.5205783843994 28.1639342837863 28.300984064738 28.5214263068305 28.2481911977132 27.9964921739366 27.4450185563829 27.2913737826877 27.4756228129069 27.5151568518745 27.465039147271 27.5306500328912 27.4047963884142 27.0672020382351 27.0087009006076 27.139799118042 27.3298784891764 27.2844030592177 27.4324198828803 27.7800557878282 27.5978412628174 27.8439826965332 27.7519493103027 27.3102989196777 27.5647210015191 27.3070710500081 27.4540138244629 27.4445622762044 27.3865487840441 27.9528015984429 27.7805601755778 27.7220726013184 27.7445602416992 27.7723335689969 27.5715302361382 27.5028224521213
-9999 -9999 -9999 -9999 -9999 -9999 -9999 -9999 -9999 -9999 -9999 -9999 -9999 -9999 -9999 -9999 29.869176864624 29.8486838340759 29.6589934031169 29.2232460445828 29.0243443383111 29.2680897182888 29.1261032952203 28.309539159139 27.6744223700629 27.6501242319743 27.3469562530518 27.3162479400635 27.4131412506104 27.610775841607 27.7354333665636 27.3643476698134 27.1277387407091 27.21803855896 27.1333062913683 27.2975595262316 27.1499750349257 27.3078229692247 27.8119860755073 27.6269586351183 27.6437409718831 27.7913178337945 27.6169999440511 27.5777632395426 27.3780704074436 27.2103494008382 27.6256398095025 28.0221146477593 27.8139923943414 27.5634540981717 27.5656274159749 27.6785611046685 27.7257404327393 27.5824625227186 27.8140381707085
-9999 -9999 -9999 -9999 -9999 -9999 -9999 -9999 -9999 -9999 -9999 -9999 -9999 -9999 -9999 -9999 -9999 29.9396991729736 30.0071438683404 29.7027115292019 29.4369388156467 29.1700202094184 28.5624989403619 28.0680537753635 27.8115092383491 27.5645531548394 27.6370525360107 27.2036463419596 27.1231820848253 27.4786109924316 27.7165523105197 27.5330647362603 27.1199220021566 27.2924616071913 27.3832075330946 27.503714243571 27.2618641323513 27.2628502315945 27.7080889807807 27.8025908999973 27.6379511091444 27.507935418023 27.5976778666178 27.4122941758898 27.23187467787 27.1764958699544 27.593147277832 27.6128285725911 27.3722341325548 27.4168694814046 27.4537209404839 27.6782415178087 27.7350040011936 27.8056704203288 27.6669947306315
-9999 -9999 -9999 -9999 -9999 -9999 -9999 -9999 -9999 -9999 -9999 -9999 -9999 -9999 -9999 -9999 -9999 -9999 29.921167755127 29.7983375125461 29.5965851677789 29.2496429019504 28.6080040401883 27.9403252071804 27.7834479014079 27.8433560265435 27.6272104051378 27.5407225290934 27.4653917948405 27.3325354258219 27.5488605499268 27.5663134256999 27.4843031565348 27.3233252631293 27.4328134324816 27.6852713690864 27.1913462744819 27.2761800554064 27.4767159356011 27.7937380472819 27.8176820543077 27.6726398468018 27.5206086900499 27.2446784973145 26.7253509097629 26.9691751268175 27.3921646542019 27.671395195855 27.3798190222846 27.2661442226834 27.4195452796088 27.3530409071181 27.2594411638048 27.5607645246718 27.7723019917806
-9999 -9999 -9999 -9999 -9999 -9999 -9999 -9999 -9999 -9999 -9999 -9999 -9999 -9999 -9999 -9999 -9999 -9999 29.6629543304443 29.8053248723348 29.7999320560031 29.638744354248 29.2644123501248 28.7126409742567 28.0165367126465 27.7433066897922 27.8618382347955 27.4518477121989 27.5478598276774 27.6521309746636 27.5041906568739 27.6837919023302 27.5375398000081 27.4046961466471 27.4767714606391 27.6760955386692 27.2188322279188 27.3699245452881 27.4720346662733 27.697916454739 27.8613162570529 27.6686820983887 27.4447188907199 26.6743187374539 26.5687563154432 26.718504163954 26.9305025736491 27.2561634911431 26.7568486531576 27.2000132666694 27.2684796651204 27.2381415896945 27.3544913397895 27.4453055063883 27.7239892747667
-9999 -9999 -9999 -9999 -9999 -9999 -9999 -9999 -9999 -9999 -9999 -9999 -9999 -9999 -9999 -9999 -9999 -9999 -9999 -9999 29.9228343963623 29.9837205069406 29.8124412960476 29.4295438130697 28.7487943437364 27.9811585744222 27.719335132175 27.8504265679253 27.7364809248182 27.5272155337863 27.6504878997803 27.6855494181315 27.7501602172852 27.685060289171 27.5548756917318 27.6494049496121 27.6538636949327 27.5123716990153 27.6410289340549 27.6855176289876 27.739470799764 27.7050552368164 27.4954961140951 27.1981925964355 26.6674045986599 26.8093944125705 26.9907699161106 27.1744516160753 27.2342444525825 27.0590616861979 26.965510474311 27.0906009674072 27.0290313296848 27.0845485263401 27.0723648071289
-9999 -9999 -9999 -9999 -9999 -9999 -9999 -9999 -9999 -9999 -9999 -9999 -9999 -9999 -9999 -9999 -9999 -9999 -9999 -9999 -9999 -9999 29.961094379425 29.9095041486952 29.5606172349718 29.085367626614 28.4450202518039 28.0603739420573 27.9751307169596 27.8670228322347 27.9294283125136 28.0064267052544 27.8709371354845 27.7763216230604 27.6825277540419 27.6040094163683 27.6262635125054 27.6090933481852 27.757609685262 27.785741382175 27.623178270128 27.670477549235 27.7517159779867 27.4141849941678 26.9570677015516 26.863367928399 27.0882746378581 26.9992849561903 27.3030632866753 27.2888255649143 26.8964570363363 26.6131856706407 26.6787268320719 26.8681655459934 26.9544768863254
-9999 -9999 -9999 -9999 -9999 -9999 -9999 -9999 -9999 -9999 -9999 -9999 -9999 -9999 -9999 -9999 -9999 -9999 -9999 -9999 -9999 -9999 29.9279384613037 30.0524849361844 29.8494141896566 29.6159415774875 29.4554653167725 29.138756857978 28.8205040825738 28.4555195702447 28.3052652147081 28.3360782199436 28.1675243377686 27.7595606909858 27.7844840155707 27.7551271650526 27.6577919854058 27.641511493259 27.6773162417942 27.8252885606554 27.8928796980116 27.7746679517958 27.798158009847 27.5694137149387 27.2464951409234 26.8404653337267 26.954579671224 27.1064050462511 27.2418897416857 27.3847942352295 27.0113673739963 26.7757373385959 26.5722637176514 26.8042034573025 27.0142442915175
-9999 -9999 -9999 -9999 -9999 -9999 -9999 -9999 -9999 -9999 -9999 -9999 -9999 -9999 -9999 -9999 -9999 -9999 -9999 -9999 -9999 -9999 -9999 30.0292158126831 30.0968261294895 30.3031855689155 30.325567457411 30.1837488810221 29.9357373979357 29.6954915788439 29.2497698465983 28.7073237101237 28.467809677124 28.3818225860596 27.7819677988688 27.823067135281 27.7258177863227 27.5268048180474 27.5342316097683 27.7501303354899 27.8805762396918 27.9362765418159 27.8583566877577 27.7068386077881 27.4942194620768 27.2567602793376 27.1519268883599 27.134472741021 27.2459337446425 27.4028239780002 27.5310329861111 27.2820760938856 27.0909476810031 27.0636609395345 27.2829600440131
-9999 -9999 -9999 -9999 -9999 -9999 -9999 -9999 -9999 -9999 -9999 -9999 -9999 -9999 -9999 -9999 -9999 -9999 -9999 -9999 -9999 -9999 -9999 -9999 30.413036664327 30.3805938296848 29.9970260196262 29.7647050221761 29.6086421542697 29.3970152537028 29.3788471221924 28.588224834866 28.5108214484321 28.3702036539714 27.8840437995063 27.6301578945584 27.5836046006944 27.4680593278673 27.5167467329237 27.5695241292318 27.8294639587402 27.926220787896 28.0064430236816 28.0053543514676 27.7406696743435 27.6314907073975 27.4986457824707 27.4798384772407 27.4471609327528 27.4407450358073 27.5549727545844 27.6726432376438 27.5555583106147 27.5942683749729 27.6476474338108
-9999 -9999 -9999 -9999 -9999 -9999 -9999 -9999 -9999 -9999 -9999 -9999 -9999 -9999 -9999 -9999 -9999 -9999 -9999 -9999 -9999 -9999 -9999 -9999 29.9054222106934 29.0470538139343 28.5366808573405 28.4972375233968 28.8846011691623 28.8092522091336 28.3957782321506 27.9341949886746 28.2292217678494 28.3210839165582 28.2153063880073 27.8710820939806 27.8131152258979 27.5503669314914 27.5059663984511 27.5454928080241 27.6361607445611 27.7976404825846 27.9870056576199 28.0953752729628 28.0901637607151 27.8748306698269 27.7686127556695 27.7134594387478 27.6915378570557 27.798665576511 27.8091422186957 27.8026050991482 27.7570679982503 27.7700369093153 27.7488566504584
-9999 -9999 -9999 -9999 -9999 -9999 -9999 -9999 -9999 -9999 -9999 -9999 -9999 -9999 -9999 -9999 -9999 -9999 -9999 -9999 -9999 -9999 -9999 -9999 -9999 29.0458726882935 29.2814610799154 28.0742346445719 27.6675785912408 27.7040223015679 28.0486501057943 27.1621888478597 27.547108968099 28.0132228003608 28.2428190443251 28.2163456810845 27.8390945858426 27.5680622524685 27.5596218109131 27.7870720757378 27.6508246527778 27.6337627834744 27.7449612087674 27.8315052456326 28.0275900099013 28.2111803690592 28.1577093336317 28.0701673295763 27.9875356886122 28.0910150739882 28.1141724056668 27.9675437079536 27.7445708380805 27.7246121300591 27.752816942003
-9999 -9999 -9999 -9999 -9999 -9999 -9999 -9999 -9999 -9999 -9999 -9999 -9999 -9999 -9999 -9999 -9999 -9999 -9999 -9999 -9999 -9999 -9999 -9999 -9999 -9999 30.0897516523089 29.5314229329427 28.8286524878608 27.0767752329508 26.5996466742622 26.8499257829454 26.893521838718 27.4732634226481 27.6315907372369 27.8855355580648 27.4021489885118 27.3454009162055 27.4254864586724 27.7626270718045 27.6360827551948 27.6951179504395 27.9141201443142 27.8439723120795 27.7840870751275 27.9679128858778 28.0454461839464 28.200555589464 28.1954784393311 28.2367814381917 28.2493665483263 28.0336233774821 27.9537359873454 28.2743305630154 27.7261134253608
-9999 -9999 -9999 -9999 -9999 -9999 -9999 -9999 -9999 -9999 -9999 -9999 -9999 -9999 -9999 -9999 -9999 -9999 -9999 -9999 -9999 -9999 -9999 -9999 -9999 -9999 30.1108055114746 29.8453979492188 29.4727522532145 27.7741226620144 27.2329474555122 26.7923923068576 27.0555438995361 27.2079921298557 27.7046057383219 27.7810986836751 27.6995915306939 27.3775795830621 27.6239284939236 27.5940566592746 27.5352064768473 27.3326767815484 27.6440942552355 27.9342649247911 27.85280418396 27.9783007303874 28.0231660207113 28.059637705485 28.2411378224691 28.2677046457926 28.0852521260579 28.0314954121908 27.9595394134521 28.0408791436089 27.4572416941325
-9999 -9999 -9999 -9999 -9999 -9999 -9999 -9999 -9999 -9999 -9999 -9999 -9999 -9999 -9999 -9999 -9999 -9999 -9999 -9999 -9999 -9999 -9999 -9999 -9999 -9999 -9999 30.0321772439139 29.8551923963759 28.9754471249051 28.2486894395616 27.7902211083306 27.5437155829536 27.4840975867377 27.6931866539849 27.9631237453885 27.9455441368951 27.7534412807888 27.6538634830051 27.8604024251302 27.5352630615234 27.4137251112196 27.7300991482205 27.8716180589464 28.0214055379232 27.9676725599501 27.943084081014 27.9944464365641 28.110664791531 28.4384875827365 28.0515539381239 27.9535732269287 27.7799479166667 27.9657357533773 27.7649201287164
-9999 -9999 -9999 -9999 -9999 -9999 -9999 -9999 -9999 -9999 -9999 -9999 -9999 -9999 -9999 -9999 -9999 -9999 -9999 -9999 -9999 -9999 -9999 -9999 -9999 -9999 -9999 30.0307555198669 30.0308212704129 29.6619597540961 28.9062904781765 28.477506213718 28.1557949913873 28.1398283640544 28.2227844662136 28.3965937296549 28.3553892771403 28.0726820627848 27.9197411007351 27.9929663340251 27.8189269171821 27.7052093082004 27.6186837090386 27.7373044755724 27.8741878933377 27.8204697502984 27.7180489434136 27.9176171620687 27.8005604214138 28.2653340233697 28.3177668253581 28.0594531165229 27.8263776567247 27.9507596757677 27.9374925825331
-9999 -9999 -9999 -9999 -9999 -9999 -9999 -9999 -9999 -9999 -9999 -9999 -9999 -9999 -9999 -9999 -9999 -9999 -9999 -9999 -9999 -9999 -9999 -9999 -9999 -9999 -9999 -9999 29.9715320042201 29.8241664038764 29.3467066023085 28.9214373694526 28.73801612854 28.7258148193359 28.7835398779975 28.8515995873345 28.7258752187093 28.4276415506999 28.3159726460775 28.3253512912326 28.0477886199951 27.6601265801324 27.6346918741862 27.5774771372477 27.8578315311008 27.7362948523627 27.8736027611627 27.9355222913954 27.9149424235026 28.0105597178141 28.3204049004449 28.2532123989529 28.1424496968587 28.0476769341363 27.7545382181803
-9999 -9999 -9999 -9999 -9999 -9999 -9999 -9999 -9999 -9999 -9999 -9999 -9999 -9999 -9999 -9999 -9999 -9999 -9999 -9999 -9999 -9999 -9999 -9999 -9999 -9999 -9999 -9999 -9999 29.9333777427673 29.6207824283176 29.2934051089817 29.2141571044922 29.1834019554986 29.2385779486762 29.2248876359728 29.2216169569227 29.1271557278103 28.8348922729492 28.6202663845486 28.3590937720405 27.9178721110026 27.8317504458957 27.7396604749891 27.6375350952148 27.6987917158339 27.7645581563314 27.8892837100559 27.8644076453315 27.8576407962375 28.0271824730767 28.3243639204237 28.3021433088515 28.2949788835314 28.0043627421061
-9999 -9999 -9999 -9999 -9999 -9999 -9999 -9999 -9999 -9999 -9999 -9999 -9999 -9999 -9999 -9999 -9999 -9999 -9999 -9999 -9999 -9999 -9999 -9999 -9999 -9999 -9999 -9999 -9999 29.7936515808105 29.8408696916368 29.6822717454698 29.5679783291287 29.5319684346517 29.5411298539903 29.476557413737 29.4790810479058 29.3786521487766 29.0842660268148 28.5293316311306 28.4239879184299 28.2087054782444 27.9493590460883 27.9700891706679 27.9972375233968 27.7162916395399 27.5888646443685 27.6341934204102 27.8086274464925 27.8512893252903 27.8775219387478 28.1408723195394 28.325112024943 28.3439678615994 28.2861463758681
-9999 -9999 -9999 -9999 -9999 -9999 -9999 -9999 -9999 -9999 -9999 -9999 -9999 -9999 -9999 -9999 -9999 -9999 -9999 -9999 -9999 -9999 -9999 -9999 -9999 -9999 -9999 -9999 -9999 29.6516075134277 29.7032129499647 29.5865355597602 29.5843336317274 29.5716616312663 29.6625934176975 29.6116040547689 29.6506911383735 29.2332888709174 29.0421615176731 28.2507258521186 28.2510318756104 28.3407787746853 28.1236457824707 27.9630572001139 28.1400883992513 27.8348594241672 27.6316719055176 27.68675910102 27.7257720099555 27.7886163923475 27.8295351664225 28.0466122097439 28.2281284332275 28.4121413760715 28.3850466410319
-9999 -9999 -9999 -9999 -9999 -9999 -9999 -9999 -9999 -9999 -9999 -9999 -9999 -9999 -9999 -9999 -9999 -9999 -9999 -9999 -9999 -9999 -9999 -9999 -9999 -9999 -9999 -9999 -9999 -9999 29.6654895782471 29.7292974260118 29.390559302436 29.3896600935194 29.5885751512316 29.6132895151774 29.5760286119249 29.2455611758762 28.9005576239692 28.5182495117188 28.325903362698 28.5294545491536 28.2373767428928 28.2173224555122 28.1772496965196 27.9415842692057 27.548871146308 27.6841591729058 27.7871663835314 27.8346254560682 27.9357855055067 27.9823061625163 28.0577903323703 28.3362570868598 28.461604224311
-9999 -9999 -9999 -9999 -9999 -9999 -9999 -9999 -9999 -9999 -9999 -9999 -9999 -9999 -9999 -9999 -9999 -9999 -9999 -9999 -9999 -9999 -9999 -9999 -9999 -9999 -9999 -9999 -9999 -9999 29.7148427963257 29.681363635593 29.2726003858778 29.2771182590061 29.3570035298665 29.5382226308187 29.7748752170139 29.5849503411187 29.208376566569 28.9684585995144 28.6440762413873 28.5887376997206 28.5244844224718 28.2846533457438 28.1570945315891 28.0326552920871 27.6747269100613 27.5790184868707 27.7219439612495 27.7385245429145 27.8270655737983 27.9677588144938 28.1560219658746 28.2120719485813 28.4537618425157
-9999 -9999 -9999 -9999 -9999 -9999 -9999 -9999 -9999 -9999 -9999 -9999 -9999 -9999 -9999 -9999 -9999 -9999 -9999 -9999 -9999 -9999 -9999 -9999 -9999 -9999 -9999 -9999 -9999 -9999 29.4553346633911 29.5594293806288 29.3071937561035 29.2023105621338 29.3368038601345 29.5308969285753 29.7880189683702 29.6229631635878 29.4549946255154 29.2812141842312 29.0071656968858 28.7960192362467 28.7661463419596 28.5641803741455 28.3085583580865 28.1824228498671 27.7612463633219 27.6731633080377 27.8140926361084 27.8531379699707 27.8441554175483 28.0171095530192 27.9887095557319 28.2960842980279 28.6031691233317
-9999 -9999 -9999 -9999 -9999 -9999 -9999 -9999 -9999 -9999 -9999 -9999 -9999 -9999 -9999 -9999 -9999 -9999 -9999 -9999 -9999 -9999 -9999 -9999 -9999 -9999 -9999 -9999 -9999 -9999 -9999 29.4098017556327 29.3684582180447 29.1880524953206 29.2975453270806 29.4661916097005 29.5828418731689 29.6472350226508 29.4679866366916 29.2847188313802 29.1595916748047 29.0164485507541 28.9225290086534 28.8202597300212 28.5837247636583 28.3268046908908 28.1858785417345 27.9440843794081 27.8701443142361 27.9649719662136 28.0829344855414 27.9602593315972 27.9901769426134 28.1735009087457 28.673024919298
