data/cape_peninsula/rasters90/Tmax_jan_mean.asc
NCOLS 225 
NROWS 643 
XLLCORNER 249990 
YLLCORNER 6189390 
CELLSIZE 90 
NODATA_value -9999 
[rows 120 to 143 of 643, columns 110 to 164 of 225]
24.7179461585151 24.4539496103923 24.5399534437391 24.6384296417236 24.463827557034 24.5004289415148 24.8541554345025 24.9719331529405 24.739614698622 24.2452708350288 24.1181382073296 24.1518607669406 23.9554559919569 23.7110922071669 23.8288063473172 23.9581924014621 24.2513336605496 25.4491492377387 26.3883802625868 26.3653759426541 25.8393851386176 25.5156858232286 26.077740351359 27.2552829318576 28.0098830329047 28.0357981787788 28.2594184875488 28.3532572852241 28.5039850870768 28.4856317308214 28.5020317501492 28.4994013044569 28.5163264804416 28.560566160414 28.582455529107 28.6107188330756 28.6382088131375 28.5878236558702 28.6217341952854 28.6041861640082 28.6031894683838 28.6535563998752 28.6493890550401 28.663176006741 28.5632470448812 28.8539996676975 29.7481146918403 29.3116563161214 28.4253192477756 28.9882740444607 28.5219048394097 28.5214252471924 28.6242838965522 28.5206033918593 28.5531152089437
24.6327709621853 24.5555125342475 24.8091290791829 24.5979217953152 24.4067736731635 24.3291210598416 24.2411541408963 24.565495385064 24.8480474683974 24.8031639522976 24.346096250746 23.9924259185791 24.2209413316515 24.1687367757161 24.1366717020671 24.2230381435818 24.3979973263211 25.319237391154 26.0650446150038 26.9898696475559 27.531392203437 26.9292553795709 26.7332305908203 27.4072636498345 28.0473736657037 28.1507229275174 28.315821117825 28.320307413737 28.5994296603733 28.5640218522814 28.5431861877441 28.5735448201497 28.5757632785373 28.6256347232395 28.5894802941216 28.6143966250949 28.6077100965712 28.609307607015 28.5864798227946 28.6041501363118 28.6642019483778 28.6844346788194 28.6184925503201 28.6287239922418 29.2734849717882 29.690244462755 29.4496890174018 29.2821193271213 28.7849146525065 28.5323424869113 28.8175046708849 28.7892850240072 28.5360664791531 28.5338467491998 28.5206451416016
24.5374804602729 24.283565097385 24.503044128418 24.8850907219781 24.6393235524495 24.3191687266032 24.3277411990696 24.3650065528022 24.5587126413981 24.6028857760959 24.6485909356011 24.4331595102946 24.2161293029785 24.1952764723036 24.3949890136719 24.6420807308621 24.7845560709635 25.5311804877387 26.2471033732096 26.8871977064345 27.4120485517714 27.9471586015489 27.6171552870009 27.756527794732 28.177559322781 28.3803702460395 28.4296775394016 28.4743179745144 28.5538414849175 28.4613988664415 28.5314138200548 28.5876791212294 28.6195250617133 28.6347048017714 28.6290183597141 28.6497417026096 28.6115684509277 28.6000607808431 28.6507604387071 28.6666442023383 28.6696160634359 28.7242976294623 28.6524795956082 28.5848965115017 29.4180030822754 29.3286287519667 29.320182800293 29.3596265580919 28.8947429656982 28.5825066036648 28.5788078308105 28.5552079942491 28.6007811228434 28.5518057081434 28.5712886386447
25.2327336205377 23.9527812533908 23.5611163245307 23.9719043307834 24.6072269015842 24.6695319281684 24.882192823622 24.2630235883925 24.1527093251546 24.4191693200005 24.6828411950005 24.5317774878608 24.5956772698296 24.4123140970866 24.6532368130154 25.0309653811985 25.5819038814969 26.0950255923801 26.4555816650391 26.7789855533176 27.2989376915826 27.8689450158013 28.2627773284912 28.2666823069255 28.2526259952121 28.2971513536241 28.3284806145562 28.3999048868815 28.4780275556776 28.5199695163303 28.6135696834988 28.5623808966743 28.5755793253581 28.6097825368245 28.5975170135498 28.6304817199707 28.6749240027534 28.6436932881673 28.6269003550212 28.8095465766059 28.9706607394748 29.2428063286675 28.72748014662 28.6900189717611 29.3618238237169 29.3667187160916 29.3104974958632 29.3585698869493 29.2343904707167 28.5932307773166 28.7135617997911 28.5292029910617 28.5369981129964 28.5755500793457 28.5425273047553
26.4129638671875 25.6866510179308 24.7024786207411 24.0244613223606 23.9204567803277 24.2169873979357 24.483847088284 24.2373606363932 24.1616581810845 24.0672035217285 24.2317051357693 24.458927154541 24.3934809366862 24.4569907718235 24.1669449276394 24.4006203545464 25.044291390313 25.8617822859022 26.3667659759521 26.620610555013 27.0445696512858 27.295339372423 27.9102636973063 28.1632514529758 28.2602015601264 28.3013460371229 28.2150105370416 28.3249816894531 28.5168149736192 28.6504590776232 28.6716938018799 28.6445248921712 28.6460501352946 28.6066852145725 28.5146336025662 28.6088396708171 28.5896443261041 28.6973512437608 29.2650275760227 29.2454280853271 28.7517649332682 28.6575158437093 28.8682310316298 28.9182830386692 29.3788113064236 29.3123927646213 29.3294236924913 29.3485077752007 29.1808026631673 28.4323963589138 28.4737497965495 28.4591833750407 28.5512019263373 28.5326453314887 28.5085906982422
26.9664482540554 26.7583334181044 26.297119140625 25.7831815083822 25.1811606089274 24.4950002034505 24.2955663469103 24.2478340996636 24.2026259104411 24.3333519829644 24.4336393144396 24.4472584194607 24.4190722571479 24.463586807251 24.3523845672607 24.1966260274251 24.3727851443821 25.1439715491401 25.6224901411268 26.0976530710856 26.3102633158366 26.7164444393582 27.4996371799045 27.8441886901855 28.0185347663032 28.1783180236816 28.1414934794108 28.3073325686985 28.4194990793864 28.5105243259006 28.5738932291667 28.6632012261285 28.6276037428114 28.6264491611057 28.5248716142442 28.5278309716119 28.5335759056939 28.5964022742377 28.6617374420166 28.5038693745931 28.5124363369412 28.7765685187446 28.8744712405735 29.2191872066922 29.449838426378 29.4072941674127 29.364661110772 29.3067262437608 28.8718206617567 28.4455278184679 28.4195976257324 28.4521389007568 28.4526445600722 28.6311124165853 28.4470776451959
27.2013558281793 27.38904232449 26.9988505045573 26.8636307186551 26.4873235490587 25.6217041015625 25.1087682512071 24.7096676296658 24.5882138146294 24.7476200527615 24.7476838429769 24.6303308275011 24.5826869540744 24.5516274770101 24.3616864946153 24.3193575541178 24.48160955641 24.9006061553955 25.4154239230686 26.0869689517551 26.4107098049588 26.7698457505968 27.3707432217068 27.6653238932292 27.8398083580865 27.9817095862495 27.8235607147217 28.0003062354194 28.1191410488553 28.209555943807 28.351037979126 28.4644881354438 28.5489947001139 28.5908499823676 28.5252789391412 28.4788867102729 28.4864749908447 28.5726278093126 28.3592457241482 28.339603000217 28.7028153737386 28.9618225097656 28.7434315151638 29.6428674062093 29.4747435251872 29.5668400658502 29.4798039330377 29.3808680640327 28.8182305230035 28.4839634365506 28.4046450720893 28.3613605499268 28.3926879035102 28.3806137508816 28.3832179175483
27.2894645267063 27.4590021769206 27.4845027923584 27.2024510701497 26.6896764967177 26.2830613454183 25.987691031562 25.5716737111409 25.1622337765164 25.266927295261 25.206944571601 25.0538908640544 24.8253400590685 24.7584012349447 24.6187042660183 24.4900663163927 24.7971562279595 25.1215824551053 25.4777100880941 26.0309410095215 26.5905734168159 26.8704005347358 27.3304731580946 27.6459356943766 27.8429961734348 27.9990927378337 27.7056933508979 27.8794725206163 27.9103024800618 27.924283557468 28.107505162557 28.3142984178331 28.450491587321 28.512149810791 28.5054456922743 28.4061586591932 28.3877073923747 28.3171568976508 28.3345394134521 28.5458145141602 28.9760542975532 28.7139146592882 29.4315649668376 29.5929879082574 29.5022061665853 29.5216751098633 29.3542031182183 29.2540991041395 29.1095871395535 28.3312337663439 28.3899614546034 28.3627569410536 28.3300543891059 28.3322508070204 28.3224470350477
27.5674184163411 27.5277735392253 27.6198965708415 27.5570280287001 27.3414361741808 27.0100201500787 26.7148912217882 26.555826610989 26.8553841908773 26.1624921162923 25.2522644466824 25.2893182966444 25.0539923773872 25.0609215630425 24.6312652164035 24.6090416378445 24.9381707509359 25.3831950293647 25.5899221632216 25.7598033481174 26.6420720418294 27.2747279273139 27.5723645952013 27.8717674679226 27.9797028435601 28.0294106801351 28.0135307312012 28.1452166239421 28.1196024152968 28.1075293223063 28.0529420640733 28.1407714419895 28.3020095825195 28.4196421305339 28.3863839043511 28.3825611538357 28.3512613508436 28.3096699184842 28.4228439331055 28.8176587422689 28.8408959706624 28.768147998386 29.5429513719347 29.6210617489285 29.6429136064317 29.4336369832357 29.3148053487142 29.1584633721246 28.6280790964762 28.2500082651774 28.2355274624295 28.2824005550808 28.276886622111 28.2582755618625 28.2800873650445
27.2181525760227 27.3677450815837 27.6418611738417 28.2411085764567 28.2502189212375 28.1025445726183 27.8691435919868 27.2746052212185 26.5979381137424 25.8080168830024 25.5360357496474 25.8405098385281 25.2863099839952 24.8287652333577 24.7850801679823 24.7873806423611 25.6851507822673 26.1854784223768 26.931467268202 27.4585081736247 27.4384939405653 27.2934869130452 27.5680266486274 27.8118701510959 28.0418798658583 28.2934320237901 28.3585749732123 28.305144627889 28.1993717617459 28.2295850118001 28.2912394205729 28.5144367218018 27.9286142985026 28.238644917806 28.3279573652479 28.2635648515489 28.1464640299479 28.1380030314128 28.4343990749783 28.8807161119249 29.6571360694038 29.14225408766 29.4457068973117 29.7264442443848 29.4799779256185 29.28457959493 29.0234593285455 28.8356130388048 28.2179311116536 28.040347205268 28.056206173367 28.0595234764947 28.1381492614746 28.1460628509521 28.1800910101997
27.6656066046821 28.0660093095567 28.6527917650011 28.5748314327664 28.3993901146783 28.0311366187202 27.205528471205 26.5820503234863 25.6772785186768 25.461799621582 25.2154757181803 24.8935839335124 25.0231490665012 25.3703670501709 24.9574442969428 24.5481457180447 25.1468082004123 26.1744210984972 26.8565919664171 27.3712100982666 27.9010026719835 28.1933983696832 28.0934522416857 28.2186084323459 28.2857428656684 28.4421522352431 28.653174718221 28.4835372500949 28.452538172404 28.3840094672309 28.4714198642307 28.5657753414578 28.1047844356961 27.8630824618869 28.0615609486898 28.1632584465875 28.1728210449219 28.1198181576199 28.3076837327745 28.718756781684 29.6545935736762 29.1979370117188 29.0577117072211 29.4025016360813 29.1625158521864 28.9118209415012 28.5064218309191 28.210821363661 27.8981732262505 27.6627945370144 27.8267432318793 27.7560274336073 27.8739808400472 27.9960789150662 28.1669665442573
28.7833949195014 29.1502770317925 28.8436385260688 28.7071030934652 28.3724471198188 27.769771999783 26.7089019351535 25.6592277950711 24.9573542277018 25.4509745703803 25.3939666748047 24.7981984880235 25.099419063992 25.4321672651503 26.4325538211399 26.0115572611491 25.0311300489638 24.962544547187 26.2978568606906 26.7774950663249 27.612090004815 27.8950337304009 27.9627855088976 27.9330817328559 28.1423409779867 28.2336841159397 28.5600941975911 28.6451933119032 28.5134135352241 28.5685829586453 28.5796116722955 28.644496705797 28.433379067315 28.2378137376573 27.8693394131131 27.8591198391385 27.9943970574273 28.0384691026476 27.994040383233 28.372098075019 28.8987002902561 28.4989715152317 28.1963965098063 28.2907068464491 28.1506072150336 28.1906471252441 28.1852881113688 28.1440410614014 28.0659205118815 28.0151040818956 28.0342627631293 28.1047975752089 28.2213359408908 28.2896747589111 28.4060796101888
29.3731882307265 29.1440558963352 29.0405084821913 28.6582700941298 28.1484411027696 27.5930313534207 26.9769842359755 26.0630702972412 24.9963200887044 24.6468289693197 24.9521615770128 24.8558487362332 25.5334216223823 25.7727326287164 25.9271119435628 26.7190227508545 27.246644337972 26.450996822781 26.1174098120795 27.0267645517985 27.3518136342367 27.7431437174479 27.8408018747965 27.9505013359918 28.1056758032905 28.2929242451986 28.4634007347955 28.6808039347331 28.5471708509657 28.5818930731879 28.6565045250787 28.7134221394857 28.6378116607666 28.545288933648 28.3773822784424 28.1009932623969 28.3050660027398 28.3927035861545 28.3011731041802 28.5405883789062 27.8046571943495 27.6746677822537 27.7999430762397 28.0833863152398 28.3413340250651 28.4652050866021 28.3995215098063 28.3684039645725 28.3184680938721 28.2103947533502 28.2147223154704 28.262857860989 28.2539369795057 28.3283973269992 28.5234926011827
29.3743235270182 29.214558283488 28.8446292877197 28.3851829104953 27.9606452518039 27.2252383761936 26.4349750942654 25.2032519446479 25.0953617095947 24.7329052819146 24.7655448913574 24.9083429972331 25.1156012217204 25.5152772267659 26.3286355336507 27.0593537224664 27.6466098361545 28.248413933648 27.7025091383192 27.4122770097521 27.7877309587267 27.9957288106283 28.0442945692274 28.023868560791 28.1913265652127 28.4681661393907 28.5056502024333 28.5999889373779 28.5498532189263 28.5298173692491 28.6651306152344 28.8186185624864 28.7384656270345 28.7022130754259 28.6161424848768 28.508326848348 28.3319545321994 28.023989783393 27.9431319766574 27.8865964677599 27.8480633629693 28.0428659651015 28.2755769093831 28.4222405751546 28.5786170959473 28.7600330776638 28.7768372429742 28.6430708567301 28.473265753852 28.2944990793864 28.3311006757948 28.3171477847629 28.3475761413574 28.3972015380859 28.543273501926
29.2293385399712 28.8811787499322 28.4987873501248 28.1588166554769 27.8214950561523 27.3564434051514 26.3415978749593 25.4218885633681 25.4317682054308 24.9390989939372 24.8679014841715 25.4792965783013 25.5621238284641 26.1906365288628 27.1745544009738 27.7944685618083 28.2516403198242 28.5488586425781 28.7720686594645 28.6320980919732 28.5595272911919 28.3964438968235 28.2458828820123 28.2580386267768 28.3218612670898 28.3832872178819 28.387542936537 28.4198841518826 28.4702875349257 28.5532393985324 28.5327188703749 28.7200272878011 28.8190131717258 28.8192604912652 28.8162208133274 28.7627453274197 28.6193875206841 28.3875988854302 28.3058331807454 28.2577807108561 28.2922416263156 28.3828589121501 28.5644654168023 28.7256045871311 28.7625403934055 28.885924021403 28.9832403394911 28.9971461825901 28.5536710951063 28.4417790306939 28.4166791703966 28.4845174153646 28.4744555155436 28.4326417711046 28.4554125467936
29.0415263705783 28.6233984629313 28.1910413106283 27.7447738647461 27.4099080827501 26.9618966844347 26.1851056416829 26.011343214247 25.727070066664 25.1438768174913 25.3435281117757 25.7047788831923 26.5235351986355 27.3281601799859 27.4850215911865 27.7664691077338 27.7142984602186 27.8458451165093 28.0692662133111 28.4312438964844 28.4208418528239 28.2795109219021 28.3491323259142 28.3485541873508 28.3024864196777 28.3543203141954 28.355930964152 28.2773706648085 28.4922703637017 28.7766721513536 28.66253874037 28.5747820536296 28.7852293650309 28.946374045478 28.975670920478 29.0150411393907 28.844693713718 28.6611385345459 28.6131125556098 28.5501164330377 28.4216978285048 28.5578083462185 28.7516606648763 28.8566087086995 29.0066837734646 29.0760601891412 29.3786358303494 29.0102806091309 28.590086195204 28.4579919179281 28.5578236050076 28.597379260593 28.5371070437961 28.5564248826769 28.4688968658447
28.9655471377903 28.7008404201931 28.1965192159017 27.4698636796739 26.8838452233209 26.4107095930311 26.9348424275716 26.0551545884874 25.69748878479 25.7351432376438 25.8129976060655 26.3830451965332 26.6938911014133 26.8713266584608 26.7116851806641 26.8222842746311 26.8276403215196 26.8128628200955 27.3202061123318 27.9903890821669 28.2362437778049 28.2326354980469 28.2127908070882 28.2385472191705 28.1966094970703 28.2098022037082 28.3309018876817 28.2644360860189 28.3663516574436 28.5088337792291 28.6963435278998 28.6708155737983 28.6776025560167 28.74394692315 28.8914697435167 29.0813278622097 29.0456142425537 28.9995850457085 28.9068260192871 28.7400605943468 28.4927122328016 28.5288160112169 28.6493793063694 28.8527840508355 28.9804799821642 29.3125019073486 29.1354071299235 28.8717994689941 28.6117184956868 28.3965263366699 28.5641004774306 28.6898064083523 28.7797039879693 28.7148170471191 28.6750706566705
29.0653735266791 28.6401598188612 28.2563313378228 27.7197409735786 26.9858646392822 26.1208561791314 25.7048958672418 25.714817682902 25.8077926635742 26.4021814134386 27.0237509409587 27.2227155897352 27.3103932274712 27.1980703141954 26.9589508904351 27.0148349338108 27.2914706336127 27.3227653503418 27.5281853146023 28.1029133266873 28.2959281073676 28.2741841210259 28.1437123616536 28.3169822692871 28.3113401201036 28.288690355089 28.211770163642 28.4264091915554 28.4703907436795 28.5411673651801 28.509287516276 28.5343208312988 28.638632244534 28.7674147288005 28.8027487860786 28.8522239261203 29.1144771575928 29.1596166822645 29.0742032792833 28.8374572330051 28.5721128251817 28.4824335310194 28.6036631266276 28.8419861263699 28.9297536214193 29.2079927656386 29.1972215440538 28.933848063151 28.7127700381809 28.4105648464627 28.5473677317301 28.7833491431342 28.8964983622233 28.9396656884087 28.8520370059543
28.7981175316705 28.7139108445909 28.3778279622396 27.0354995727539 26.5964499579536 25.5391773647732 25.4989492628309 25.4992802937826 26.0137975480821 26.7480481465658 27.2287953694661 27.6308831108941 27.6455760531955 27.4507522583008 27.172766579522 26.9932880401611 27.4628859625922 27.7493625217014 28.1884263356527 28.3698622385661 28.5751096937391 28.3257800208198 28.3455488416884 28.4230115678575 28.4589265187581 28.3984074062771 28.3744125366211 28.4120366838243 28.5377053154839 28.5498922136095 28.528713438246 28.6096583472358 28.6181509229872 28.5831917656793 28.7222010294596 28.9002092149523 28.9530239105225 29.298670662774 29.1256834665934 28.8642715877957 28.6582493252224 28.5498672061496 28.5176980760362 28.807719124688 29.0235125223796 29.1986844804552 29.1650178697374 29.0732712215847 28.8431510925293 28.4071167839898 28.3792633480496 28.793910768297 28.72228580051 28.7695963117811 28.9206879933675
28.7057921091715 28.0593130323622 27.2615475124783 27.2868682013618 26.7015073564317 25.5366526709663 25.3227602640788 25.7147108713786 26.057697084215 27.0074494679769 27.6279720730252 27.8244705200195 27.557431962755 27.355170779758 27.8894538879395 27.6644954681396 27.8422381083171 28.3164232042101 28.3937871721056 28.3273167080349 28.4688322279188 28.4436524709066 28.3223107655843 28.4076321919759 28.659766515096 28.5844548543294 28.6876146528456 28.570373111301 28.4168029361301 28.5550083584256 28.6118933359782 28.5726617177327 28.6156539916992 28.7380466461182 28.7218795352512 28.8199679056803 28.8928680419922 29.0810483296712 29.2032180362278 28.988433625963 28.8318547142877 28.704387029012 28.5061878628201 28.7881734636095 29.0195304022895 28.997368282742 29.3043766021729 29.2107541826036 28.9484386444092 28.6831461588542 28.3192551930745 28.534475962321 28.5996619330512 28.7563554975722 28.7187932332357
29.3108944363064 28.8261765374078 28.5359073215061 27.6489613850911 26.7041649288601 25.8046181996663 24.760763168335 25.7260958353678 26.8080613878038 27.4810110727946 27.7673265669081 27.7668838500977 27.5650458865695 27.4171867370605 27.7737831539578 28.6481289333767 29.0294049580892 29.0285250345866 28.8401508331299 28.7162630293104 28.5348555246989 28.4841700659858 28.5452688005235 28.5483332739936 28.6824027167426 28.7000200483534 28.7203623453776 28.8394349416097 28.8450631035699 28.4874443478054 28.5828844706217 28.5993158552382 28.6315987904867 28.6490891774495 28.7907502916124 28.8569793701172 28.8997122446696 28.8615826500787 29.2369024488661 29.1130881839328 28.9602932400174 28.8067495557997 28.6019401550293 28.6704644097222 29.0072199503581 28.9151017930773 29.2305961185031 29.283457438151 29.0811286502414 28.8917666541205 28.6306733025445 28.3867509629991 28.4136130015055 28.5454682244195 28.6318844689263
29.1520099639893 28.7155984242757 28.0687912835015 26.6584135691325 26.9511792924669 26.2287428114149 25.8437646230062 26.6001614464654 27.3922892676459 27.8145300547282 27.859489440918 27.5558333926731 27.7780257331 27.3396335177951 27.464618894789 28.1155469682482 28.7222194671631 29.1680312686496 29.258479224311 28.9449140760634 28.8591677347819 28.825309753418 28.8358578152127 28.8186033036974 28.764613893297 28.7742034064399 28.7682700686985 28.7310343848334 28.8443137274848 28.8784669240316 28.6893331739638 28.6518558926053 28.6667336357964 28.717435836792 28.7254456414117 28.7792746225993 28.8442768520779 28.7825198703342 29.0313097635905 29.2479532029894 29.0316999223497 28.909572813246 28.7670052846273 28.4469617207845 28.842594994439 29.0288276672363 29.0972328186035 29.2739137013753 29.2184564802382 29.0625184377034 28.8983942667643 28.6769173940023 28.3524538675944 28.3000433180067 28.274638917711
28.7921962738037 28.172967698839 27.4052906036377 27.4175412919786 27.0956764221191 26.3107725779215 26.8260614607069 27.2860368092855 27.7602136400011 27.942258199056 27.7811067369249 27.6955568525526 28.0172668033176 28.3765199449327 28.157146665785 28.1320095062256 27.8616072336833 28.46099641588 28.9680010477702 29.1193803151449 28.9529058668349 28.87609439426 28.8387309180366 28.737863752577 28.7144281599257 28.6608356899685 28.7127984364827 28.7271294063992 28.6611474355062 28.6961279975043 28.8922468821208 28.906549665663 28.8991120656331 28.8916358947754 28.8625019921197 28.7657165527344 28.7216053009033 28.7758926815457 28.9391134050157 29.2061553531223 29.1194466484918 28.968701256646 28.852398554484 28.6101061503092 28.4811253017849 28.942258199056 29.1495147281223 29.0792316860623 29.2128539615207 29.2131504482693 29.071602291531 28.8640910254584 28.7127367655436 28.4601198832194 28.7477876875136
29.4733666314019 28.89410188463 28.4902894761827 27.6203322940403 26.2558458116319 26.1961002349854 26.9867377811008 27.792690065172 28.1423284742567 28.1500097910563 27.9655458662245 27.8295400407579 28.2189424302843 28.9612566630046 28.8380086686876 28.5510315365261 28.3127288818359 28.3523979187012 28.5590811835395 28.8044141133626 28.777617348565 28.8503932952881 28.8703505198161 28.7352409362793 28.7359235551622 28.6829414367676 28.6776830885145 28.6284455193414 28.6526209513346 28.6547925737169 28.7797020806207 28.804638756646 28.8451703389486 28.8410794999864 28.8869209289551 28.9138249291314 28.9780025482178 28.8666286468506 28.8033565945095 29.1152958340115 29.1604300604926 29.0567381117079 28.9381264580621 28.7945331997342 28.4520157708062 28.6485428280301 28.9748104943169 29.0324420928955 28.9832261403402 29.2594021691216 29.1686132219103 29.0021542443169 28.847484588623 28.6811377207438 28.5716429816352
