data/cape_peninsula/rasters90/Tmin_jul_mean.asc
NCOLS 225 
NROWS 643 
XLLCORNER 249990 
YLLCORNER 6189390 
CELLSIZE 90 
NODATA_value -9999 
[rows 240 to 263 of 643, columns 110 to 164 of 225]
7.58078861236572 7.56015751096937 7.57052765952216 7.7738225724962 7.84386656019423 7.5786460240682 7.78792656792535 7.59998618231879 7.57102696100871 7.62133190366957 7.69555701149834 7.91303613450792 8.22710122002496 8.41638120015462 8.59130838182237 8.3789365556505 8.34108278486464 8.25024000803629 8.20195219251845 8.27399179670546 8.79796557956272 9.16844484541151 9.7257604598999 9.66787687937419 9.66710302564833 9.84400982326931 9.8555236392551 9.84961944156223 9.82075542873806 9.73382971021864 9.66996320088704 9.63367875417073 9.82219812605116 9.76715034908718 9.6602570215861 9.67433378431532 9.79799355400933 9.82735919952393 9.84308963351779 9.75628036922879 9.81085618336995 9.76776462131076 9.8315798441569 9.86699634128147 9.8492759068807 9.90689849853516 9.9311088985867 9.91435125139025 9.97618103027344 10.0090306599935 9.9979748196072 10.0502254698012 10.1113109588623 10.0509314007229 10.1082654529148
7.48249827490913 7.47041914198134 7.5088750521342 7.57273658116658 7.85435994466146 8.00519874360826 7.81997209125095 7.69359074698554 7.59930923249986 7.63953691058689 7.61348231633504 7.68548811806573 8.06973584493001 8.37736034393311 8.52018462287055 8.91433313157823 8.52277331882053 8.35730192396376 8.32833830515544 8.37082396613227 8.48256376054552 8.72568416595459 8.67740705278185 9.10706742604573 9.44297642178006 9.57313262091743 9.71787558661567 9.81435468461778 9.96140575408936 9.92617193857829 9.80595938364665 9.71101951599121 9.86820411682129 9.71581988864475 9.78205490112305 9.78218004438612 9.82127486334907 9.89680300818549 9.80210484398736 9.95144165886773 9.86185073852539 9.8579068713718 9.77205827501085 9.79892826080322 9.83625772264269 9.88236618041992 9.92375479804145 9.91835117340088 9.97909217410617 10.0162286758423 10.0236472023858 10.0137465794881 10.0383743709988 10.0282273822361 10.0561370849609
7.44477054807875 7.53625032636854 7.6058586968316 7.5623557832506 7.58438115649753 7.72076585557726 7.81613074408637 7.80217938952976 7.73879734675089 7.71328534020318 7.78624052471585 7.89434538947211 7.89378192689684 8.24863857693142 8.0629801220364 8.44943046569824 8.98524538675944 8.6117033428616 8.38606537712945 8.36082352532281 8.33888467152913 8.33989651997884 8.38921282026503 8.52365451388889 8.94378672705756 9.44251770443386 9.65449015299479 9.73983499738905 9.81297175089518 10.0195875167847 10.0966648525662 9.96761099497477 9.86691792805989 9.86982239617242 9.92198954688178 9.86753993564182 9.89661926693386 9.89253648122152 9.86772007412381 10.0628227657742 9.75764486524794 9.90756267971463 9.86883979373508 9.88295364379883 9.93788221147325 10.0183553695679 9.99919393327501 10.0952101813422 10.320759985182 10.3527300092909 10.221278614468 10.1436954074436 10.0100410249498 10.0409393310547 10.0420356326633
7.4935310681661 7.63811217414008 7.63659556706746 7.55244085523817 7.62466457155016 7.65486293368869 7.65246052212185 7.77069589826796 7.83094771703084 7.77276955710517 7.80468638737996 7.95642185211182 8.02606609132555 8.12633016374376 8.125807762146 8.26109260982937 8.44175465901693 8.86940203772651 8.67754395802816 8.35187286800808 8.36214213901096 8.32375537024604 8.3212177488539 8.37495115068224 8.59319750467936 8.7875010172526 9.23891438378228 9.53537082672119 9.62458239661323 9.77150736914741 9.76391802893744 9.95688449011909 9.9929993947347 10.1155472861396 10.1064454184638 9.969695409139 9.94505288865831 9.92219087812636 9.72722392612033 9.84626505109999 9.7166067759196 9.76130210028754 10.0085734261407 10.0906595653958 9.91843711005317 9.95894061194526 9.93436050415039 10.0251712799072 10.3302798800998 9.92851575215657 9.94351355234782 10.3179264068604 10.1702675289578 10.0015835232205 10.0241415235731
7.58056259155273 7.80841451221042 7.76261557473077 7.75768031014336 7.7085476981269 7.80805948045519 7.83520306481255 7.77762375937568 7.81029134326511 7.83843204710219 7.84042416678535 7.90331485536363 8.11546071370443 8.16345225440131 8.22964975568983 8.26138236787584 8.59478653801812 8.57752641042073 8.59163369072808 8.51976680755615 8.39602512783474 8.41233168707953 8.38811651865641 8.34402434031169 8.33703973558214 8.40450933244493 8.40828757815891 8.54858345455593 8.81861432393392 8.84217813279894 9.28708012898763 9.44891611735026 9.6371284061008 10.1233390172323 9.90432633293999 9.87031555175781 9.98066478305393 9.96567948659261 10.1342353820801 9.95779620276557 9.65466986762153 9.71076975928412 9.97273031870524 9.94289885626899 9.91235415140788 9.9419518576728 10.033238834805 10.1267012490167 10.1380375756158 10.0763836966621 9.98183917999268 9.99355496300591 10.3016650941637 10.0747570461697 10.0345895555284
7.487258805169 7.89807727601793 7.87118032243517 7.90073659684923 7.98945262697008 7.88548538419935 7.91968817181057 7.98449028862847 7.93723249435425 7.88045279184977 7.88621648152669 7.99588669670953 8.12497711181641 8.17013994852702 8.19201511806912 8.38521194458008 8.53327242533366 8.59532144334581 8.35767078399658 8.39197783999973 8.37508636050754 8.40438440110948 8.42667198181152 8.38833003573948 8.34474182128906 8.27390034993489 8.32441965738932 8.43669976128472 8.56527921888563 8.59183745914035 8.62357838948568 8.64593707190619 8.7575266096327 9.03297498491075 9.04455121358236 9.67958630455865 9.82760768466525 9.93963919745551 9.83258925543891 9.706436475118 9.80278089311388 9.76272879706489 9.70897505018446 9.69487762451172 9.80216153462728 10.0038238101535 10.2454358206855 9.90789604187012 10.062736193339 10.1759008831448 10.130654335022 10.0827352735731 10.3329940372043 10.280861960517 10.1970174577501
7.38228416442871 7.6627025074429 8.0047894053989 7.90443340937296 7.82020060221354 7.84587324990166 7.84280141194661 7.93498738606771 7.9576047791375 7.97846947775947 7.94644663068983 8.05340141720242 8.13760386572944 8.19415505727132 8.26894431644016 8.36500718858507 8.44936031765408 8.472122086419 8.33214632670085 8.35297171274821 8.40150896708171 8.37731615702311 8.45027446746826 8.40864510006375 8.39987998538547 8.34665870666504 8.26789177788628 8.31012513902452 8.38248369428847 8.45062245262994 8.51925828721788 8.53107420603434 8.53942171732585 8.54067145453559 8.61495886908637 9.17399830288357 9.66039943695068 9.62966230180528 9.62915568881565 9.69260162777371 9.75475607977973 9.7631205452813 9.83477200402154 9.83908600277371 9.48558627234565 9.81191433800591 10.0592056910197 9.72446250915527 9.70695866478814 9.63720840877957 9.86539999643962 10.0961662928263 10.2415252261692 10.3587889141507 10.3866721259223
7.5501905547248 7.62227047814263 7.87749120924208 7.83057143953111 7.81710402170817 7.77414708667331 7.8261562983195 7.90572675069173 7.99801932440864 8.07287767198351 8.10695213741726 8.05677509307861 8.1553840637207 8.26789474487305 8.31071737077501 8.32836553785536 8.32718319363064 8.27028306325277 8.30336825052897 8.45888307359484 8.43101851145426 8.43629837036133 8.49886269039578 8.46366013420953 8.46721172332764 8.44908661312527 8.35456095801459 8.26864083607991 8.23756790161133 8.32185363769531 8.41431268056234 8.51236195034451 8.53191788991292 8.56432268354628 8.65732712215847 8.76406033833821 9.04335308074951 9.31603007846408 9.52657572428385 9.54660246107313 9.61946105957031 9.71342213948568 9.84060594770643 9.77145756615533 9.70804394616021 9.71796989440918 9.77393012576633 9.62518702612983 9.7995671166314 9.93598980373806 9.98084576924642 10.0491760041979 10.1799836688571 10.2367721133762 10.3262016508314
7.66494464874268 7.77163410186768 7.84764697816637 7.85285626517402 7.82716793484158 7.82233969370524 7.81994522942437 7.89013126161363 8.07976510789659 8.11872302161323 8.12993436389499 8.0604067378574 8.0813357035319 8.22792498270671 8.36828072865804 8.39141273498535 8.41435856289334 8.52049668629964 8.41572115156386 8.49733055962457 8.48429616292318 8.47893301645915 8.52685345543755 8.52747090657552 8.50237570868598 8.50314786699083 8.45711697472466 8.42012617323134 8.41597493489583 8.35307990180121 8.28972615136041 8.35882653130425 8.48071193695068 8.54553858439128 8.73252073923747 8.80365668402778 8.87201669481066 9.03381146325005 9.25575701395671 9.38660600450304 9.46694999270969 9.63464461432563 9.97559642791748 10.4663063685099 10.4565643734402 10.0535417132907 9.98187965816922 10.3802146911621 10.3237296210395 10.1256288952298 10.159827126397 10.1657069524129 10.1752804650201 10.0987827512953 10.1607900195652
7.95675155851576 8.14086490207248 8.12124326494005 7.93682363298204 7.81523487302992 7.97135342491998 7.99098115497165 8.0300759739346 7.96898794174194 7.94712066650391 8.17671076456706 8.27106761932373 8.26793924967448 8.44678412543403 8.41297637091743 8.37050236596001 8.42772134145101 8.55480988820394 8.67947631412082 8.60251024034288 8.52947574191623 8.50226730770535 8.56815751393636 8.55761316087511 8.56334273020426 8.55392773946126 8.53180450863308 8.49719534979926 8.55959171719021 8.6628000471327 8.35216278500027 8.27374913957384 8.51023038228353 8.84973971048991 9.1087474822998 9.21295377943251 9.28106435139974 9.16141944461399 9.10944271087646 9.21202426486545 9.48967827690972 10.1699413723416 9.91035270690918 9.82247787051731 9.45864476097955 9.87252224816216 9.82733726501465 10.2429829703437 10.4071153004964 10.4290098614163 10.1779470443726 9.94400077395969 10.0222476323446 9.9589360555013 9.93525218963623
8.25168704986572 8.11737224790785 8.03058841493395 8.1326379776001 8.11996290418837 7.96310355928209 7.89810763465034 8.06032869550917 7.96936533186171 7.99756198459201 8.06349107954237 8.17559756173028 8.32083267635769 8.39600743187798 8.29587374793159 8.30442100101047 8.35981973012288 8.3868654039171 8.46767393747965 8.55702908833821 8.57470745510525 8.50770664215088 8.55544058481852 8.60979355706109 8.61810758378771 8.5949698554145 8.59171549479167 8.65700234307183 9.04352251688639 9.13643084632026 8.70928880903456 8.50275283389621 8.59903060065375 8.83912340799967 9.11153072781033 9.04979716406928 9.37344137827555 9.28481250339084 9.23188220130073 9.60208426581489 9.72633118099636 9.55896843804253 9.1273873647054 9.13342327541775 9.1443239847819 9.19172032674154 9.42023213704427 9.69322946336534 9.68282148573134 10.0302079518636 10.0476294623481 9.8061637878418 9.63602373335097 9.71296946207682 9.75088797675239
8.07275157504612 8.20040713416205 8.15470663706462 7.90642176734077 7.97211191389296 8.14149003558689 8.15008184644911 7.90924109352959 7.97655365202162 8.24420261383057 8.24179850684272 8.21450254652235 8.23367320166694 8.29265530904134 8.15706210666233 8.18196953667535 8.22148185306125 8.25025240580241 8.33325587378608 8.41847663455539 8.49251545800103 8.57160833146837 8.62316873338487 8.6248632007175 8.63075002034505 8.57755766974555 8.67911518944634 8.87764390309652 9.39227019415961 9.50406085120307 9.20202276441786 9.05650276607937 8.89286316765679 9.03008630540636 9.09597015380859 9.01019721561008 9.01853413052029 8.68965816497803 9.34177207946777 9.42704666985406 8.75368849436442 8.56059312820435 8.21084064907498 8.49743890762329 8.95993084377713 9.07974942525228 8.6562868754069 8.91913774278429 9.30401367611355 9.02963394588894 9.58918062845866 9.71601189507378 9.53719064924452 9.49766858418782 9.46358807881673
8.22022671169705 8.0545646349589 8.13337972429064 8.01479694578383 7.90857934951782 7.93607780668471 8.18634462356567 8.36216937171088 8.0400669309828 7.90820211834378 8.20387517081367 8.29401715596517 8.17228762308756 8.30259545644124 8.25680128733317 8.2157236735026 8.21078364054362 8.2261110941569 8.30824904971653 8.36444558037652 8.41833559672038 8.51637511783176 8.61799420250787 8.65899520450168 8.64002386728922 8.61109288533529 8.72850322723389 8.95742575327555 9.37317180633545 9.18821642133925 8.48481379614936 8.82231352064345 8.98488680521647 9.00925975375705 9.0020784801907 8.67719512515598 8.32272153430515 8.16298707326253 8.32388008965386 7.76426458358765 7.35439443588257 7.60552194383409 7.59795045852661 7.54361904991998 7.90083169937134 8.69538921780056 8.87891589270698 8.49397214253743 8.55865732828776 8.78319835662842 8.42388439178467 9.35325707329644 9.4160803688897 9.23439968956841 9.49959543016222
8.12744670444065 8.09056154886881 8.0800772772895 8.00176032384237 7.93837118148804 8.04717498355442 8.0850182639228 8.26965395609538 8.55379803975423 8.42015133963691 8.1523183716668 8.21396038267348 8.25394852956136 8.23971324496799 8.25766510433621 8.27760251363118 8.2476290596856 8.28509012858073 8.34561920166016 8.39535861545139 8.42654758029514 8.50619867112901 8.60895241631402 8.65731037987603 8.67994361453586 8.67586845821804 8.72550710042318 8.89969539642334 9.15511629316542 9.31377294328478 9.16628297170003 8.20759497748481 8.46372922261556 8.45399220784505 8.62767622205946 7.99087058173286 7.99399932225545 7.8946483929952 7.7348772154914 7.56002145343357 7.56140025456746 7.61096011267768 7.6430303255717 7.51732460657755 7.4912773238288 7.69519991344876 8.08839564853244 8.56331284840902 8.22834412256877 8.26529799567328 8.59379736582438 8.14946768018934 9.19144015842014 9.17204973432753 9.40572463141547
8.10924980375502 8.12832848230998 8.01592381795247 7.98949315812853 8.0143453280131 8.05893813239203 8.01235622829861 8.06124692493015 8.27579678429498 8.51520082685682 8.60214742024739 8.45027849409315 8.22389136420356 8.10935407214695 8.21503554450141 8.51493400997586 8.69783359103733 8.55293443467882 8.46104367574056 8.45628049638536 8.46892632378472 8.50442028045654 8.58150249057346 8.72690529293484 8.71437697940403 8.74045615726047 8.73817666371663 8.83309290144179 8.9516429901123 9.07209406958686 9.25205654568142 9.25381649865044 8.51869222852919 8.14411862691243 8.29859818352593 7.97136211395264 8.0771058400472 8.06729062398275 7.55949131647746 7.51426760355631 7.4972980817159 7.59817695617676 7.57044061024984 7.4566085073683 7.52918079164293 7.48227643966675 7.75924799177382 7.9695586098565 8.29048617680867 7.72089841630724 8.01163933012221 8.23016431596544 8.19547319412231 8.40113936530219 8.3242138756646
8.27715386284722 8.22128550211588 8.27572716606988 8.11618693669637 8.07169956631131 8.12944767210219 8.01915205849541 8.01701259613037 8.0993898179796 8.30332787831624 8.47811211480035 8.48117711808946 8.5081574122111 8.468186378479 8.49871932135688 8.84228939480252 8.73748546176487 9.00046602884928 8.99294333987766 8.76896508534749 8.61214118533664 8.5235817167494 8.64260662926568 8.81233639187283 8.87993876139323 8.87640147738987 8.82576455010308 8.81862184736464 8.99192916022407 9.01719443003337 9.11010805765788 9.26067076789008 8.98981369866265 8.68110370635986 8.55385536617703 8.12750885221693 8.14072857962714 8.10450871785482 7.56340148713854 7.51402833726671 7.60104751586914 7.58206123775906 7.49693695704142 7.48542314105564 7.48102357652452 7.64834864934285 7.75347243414985 7.70341873168945 7.80071904924181 7.72547303305732 7.48978598912557 7.79134448369344 7.92394516203139 7.97174210018582 8.2866039276123
8.07303762435913 8.02424653371175 8.11977354685465 8.18366379208035 8.18253082699246 8.17066637674967 8.22156461079915 8.09490278032091 8.13267336951362 8.12196837531196 8.29532951778836 8.44889375898573 8.45632807413737 8.56548404693604 8.76679759555393 8.8963787290785 8.68482817543877 8.50639899571737 8.8221018049452 8.88564565446642 8.80880928039551 8.6325462129381 8.55083804660373 8.92794556087918 8.8944632212321 9.01582516564263 8.96675978766547 8.77057732476128 8.81862258911133 8.9814510345459 9.08475261264377 9.35149097442627 9.0451102786594 8.46301248338487 8.66274579366048 8.65353531307644 8.2029570473565 8.31956789228651 7.87086704042223 7.6801561249627 7.66200282838609 7.6364541053772 7.57703134748671 7.55492046144273 7.55041334364149 7.658485783471 7.6504447195265 7.88837003707886 7.79081535339355 7.54891713460286 7.42859209908379 7.50112088521322 7.64124997456868 7.68035904566447 7.88428020477295
8.19973177380032 8.42595465977987 8.25963195164998 8.01448345184326 8.16087992986043 8.43105750613742 8.47993331485324 8.34094344245063 8.18729644351535 8.16086546579997 8.22579182518853 8.25499428643121 8.44642543792725 8.54001066419813 8.64137490590413 8.80879031287299 9.0384194056193 9.14797899458143 8.76258203718397 8.62046877543131 8.64999029371474 8.6817291047838 8.66722954644097 8.67490768432617 9.00706746843126 8.96352100372314 9.24099148644341 8.87482335832384 8.86057504018148 8.95825714535183 9.36546760135227 9.28475708431668 9.09901523590088 8.8445840411716 8.55490440792508 8.64042112562391 8.61002561781141 8.53611797756619 8.2988371319241 7.83306153615316 7.74931653340658 7.8191032939487 7.7724568578932 7.66384575102064 7.63971630732218 7.62679788801405 7.65563588672214 7.59418741861979 7.48302359051175 7.38991652594672 7.41297112570869 7.43915308846368 7.45102008183797 7.56404617097643 7.61427169375949
8.26482036378649 8.36933443281386 8.42587767706977 8.58676338195801 8.61330191294352 8.41935125986735 8.30117506451077 8.58470175001356 8.35224141014947 8.24571969774034 8.27659161885579 8.2095193862915 8.22065088484022 8.41925864749485 8.54287931654188 8.63041687011719 8.71004962921143 8.88881927066379 9.18059974246555 9.00491089291043 8.77285565270318 8.66300423940023 8.67401589287652 8.78280586666531 8.76948897043864 8.99981869591607 9.15957228342692 9.35383001963297 8.99816958109538 9.0917591518826 9.42441675398085 9.3525447845459 9.17376285129123 9.35440752241347 9.16855589548747 8.9172003004286 8.74422105153402 8.81778250800239 8.86139170328776 8.57275607850817 8.29211600621541 7.99114667044746 7.82351801130507 7.72897418340047 7.6694974899292 7.63479566574097 7.59237904018826 7.55466196272108 7.48327567842272 7.47756989796956 7.42713981204563 7.41401550504896 7.44453080495199 7.45974074469672 7.56404156155056
9.03867223527696 8.64734914567735 8.34584914313422 8.33047909206814 8.54333209991455 8.81452051798503 8.91225761837429 8.68443573845757 8.43373881445991 8.29840278625488 8.20775095621745 8.22101540035672 8.19460233052571 8.17027060190837 8.33444637722439 8.46358723110623 8.53035312228733 8.58325492011176 8.67459233601888 8.98561308119032 9.02161566416422 8.92980257670085 8.84532345665826 8.86862617068821 8.83181126912435 8.97774028778076 9.09166145324707 9.49010997348361 9.25994714101155 9.24394204881456 9.28284581502279 9.30586136711968 9.30486933390299 9.1739789115058 9.10772365993924 9.06589889526367 9.05050521426731 8.96223258972168 8.86768796708849 8.74304983350966 8.45051256815592 8.17782825893826 7.98537254333496 7.87405114703708 7.78925620185004 7.85558525721232 7.7871724234687 7.62359518475003 7.59697294235229 7.50758197572496 7.51656415727403 7.47588539123535 7.44794866773817 7.38675991694132 7.48642375734117
8.9417380226983 8.94587686326769 8.73062833150228 8.39383051130507 8.40966161092122 8.60035355885823 8.78327539232042 8.73455503251818 8.66770829094781 8.53569253285726 8.41318808661567 8.37283685472276 8.33180544111464 8.29777569240994 8.38566790686713 8.51357004377577 8.55239836374919 8.57474093967014 8.66349029541016 8.72010072072347 8.99849287668864 9.14829285939534 9.05664581722683 9.02064609527588 9.05199962192111 9.20006476508246 9.15088526407878 9.41706773969862 9.7382575141059 9.49258910285102 9.51047293345133 9.59050348069933 9.54450607299805 8.93883832295736 8.69715722401937 8.60261514451769 8.58817662133111 8.68131838904487 8.74033111996121 8.74110105302599 8.47683588663737 8.32473542955187 8.16462824079725 8.07130485110813 7.98111401663886 7.98212660683526 7.98074526256985 7.67193900214301 7.65421877966987 7.6079323026869 7.57010963228014 7.43395323223538 7.43850559658474 7.46312840779622 7.46995459662543
9.11590777503119 8.93901909722222 8.9226311577691 8.78627957238091 8.40549829271105 8.6210134294298 8.65157561832004 8.83611297607422 8.90130307939318 8.88708358340793 8.90640714433458 8.82312043507894 8.63165145450168 8.53038914998372 8.54923333062066 8.71898036532932 8.86044947306315 8.79867733849419 8.75326326158312 8.77288182576497 8.79932181040446 8.97936895158556 9.21096473269992 9.23030016157362 9.33143414391412 9.33354695638021 9.29949347178141 9.26642884148492 9.35858567555745 9.69401995340983 9.66117678748237 9.61517694261339 9.60690265231662 8.849671681722 8.55288611518012 8.61811563703749 8.59872754414876 8.60336791144477 8.66985087924533 8.75335311889648 8.64892620510525 8.51081212361654 8.31085024939643 8.20967515309652 8.02027283774482 8.00431723064846 8.07958910200331 8.06503751542833 7.85540432400174 7.64817047119141 7.54991171095106 7.42033698823717 7.36035209231906 7.38676532109578 7.47492625978258
9.10259840223524 9.02696333991157 8.89439900716146 8.92940171559652 8.89532735612657 8.6169736650255 8.66453647613525 8.61663786570231 8.71722730000814 8.78420850965712 8.92166667514377 9.05061139000787 9.00749195946587 8.90564092000325 8.76889472537571 8.76745065053304 8.88721741570367 8.97370751698812 8.98616472880046 8.86446539560954 8.85463237762451 8.80858484903971 9.06368637084961 9.35095077090793 9.37044397989909 9.41785854763455 9.35427464379205 9.32921028137207 9.31023396386041 9.50926611158583 9.84391657511393 9.76282543606228 9.39366298251682 9.14203887515598 9.07655980851915 9.12485546535916 9.02457576327854 8.69958718617757 8.61315854390462 8.66858122083876 8.61962117089166 8.54791895548503 8.41918828752306 8.3611347410414 8.1756813261244 8.03957080841064 8.00961446762085 7.86535363727146 7.78108199437459 7.60642957687378 7.52504311667548 7.43963453504774 7.29229116439819 7.36892143885295 7.4545161459181
9.18776268429226 9.13854916890462 9.05131032731798 8.99583752950032 8.92495579189724 8.76245541042752 8.62055291069878 8.65618917677138 8.69503254360623 8.69319131639269 9.04891194237603 9.19002734290229 9.19111516740587 9.19129954444037 9.17878405253092 9.02466593848334 9.00349553426107 9.16397751702203 9.23013782501221 9.32797495524088 9.22888331943088 9.24506356981066 9.35095320807563 9.42814127604167 9.72047826978895 9.56479358673096 9.4171183904012 9.28421317206489 9.27232032352024 9.54583263397217 10.0518938700358 9.4247153600057 9.3815114763048 9.42267746395535 9.49099265204535 9.46427472432454 9.1185630162557 8.79246584574381 8.60675483279758 8.47781721750895 8.61297045813666 8.51300515068902 8.50995477040609 8.42593627505832 8.35699346330431 8.08283535639445 8.04503387875027 7.95810641182793 7.81639427608914 7.67186265521579 7.58078262541029 7.46949847539266 7.28598578770955 7.4162695672777 7.4738933245341
