data/cape_peninsula/rasters90/Tmin_jul_mean.asc
NCOLS 225 
NROWS 643 
XLLCORNER 249990 
YLLCORNER 6189390 
CELLSIZE 90 
NODATA_value -9999 
[rows 312 to 335 of 643, columns 55 to 109 of 225]
10.252342859904 10.2612656487359 10.1927534739176 10.1501483917236 10.1010115941366 9.97257815466987 10.0531938340929 10.0281245973375 10.0913413365682 10.2414103613959 10.1631686952379 10.3680952919854 10.354533513387 10.3730776045058 10.4220693376329 10.4702925152249 10.4308206770155 10.3841261333889 10.3401278389825 10.3600754208035 10.3023078706529 10.3248019748264 10.4625787734985 10.5905361175537 10.3430559370253 10.3805557886759 10.4434529410468 10.4590178595649 10.2175263298882 10.2406029171414 10.3140382766724 10.3161152733697 9.94482760959201 9.92439969380696 9.82456323835585 9.71300835079617 9.48009777069092 9.46381833818224 9.87710147433811 10.1155710220337 9.89148839314779 9.88002416822645 10.0639306174384 10.1140543619792 10.0078503290812 10.0198945999146 9.9615412818061 9.85767163170708 9.89756541781955 9.68023363749186 9.7238064871894 9.85230678982205 10.0232236650255 10.0267151726617 9.8963893254598
10.2345699734158 10.2124313778347 10.1826944351196 10.1815170711941 10.1213619444105 10.0848320855035 9.95719401041667 9.9499446021186 10.0601348876953 10.2101768917508 10.1634634865655 10.3253416485257 10.3446511162652 10.3620053397285 10.360466533237 10.36563428243 10.3444097306993 10.3407882054647 10.3181961907281 10.2578376134237 10.1914217207167 10.3187733756171 10.6019813749525 10.7358406914605 10.5259417427911 10.3866522047255 10.4301478068034 10.3881580564711 10.1680535210503 9.89928245544434 10.026265780131 9.96880828009711 9.59551726447211 9.64078330993652 9.77197382185194 9.62768427530924 9.50439431932237 9.42744784884983 9.44114102257623 9.84439669715034 9.81526099310981 9.70507971445719 9.74183336893717 9.65767659081353 9.6934019724528 9.92209953731961 9.98049979739719 9.6849479675293 9.62574450174967 9.89632892608643 9.73019833034939 9.68468485938178 9.76547474331326 9.90962314605713 9.87945440080431
10.2227575514052 10.2127511766222 10.2224100960626 10.1871984269884 10.1489270528158 10.1442278756036 10.0387482113308 9.91794840494792 9.97684235042996 10.1324775483873 10.0845345391168 10.2506227493286 10.3573020299276 10.3763153288099 10.3230154249403 10.2938169903225 10.2950320773655 10.2686132854886 10.1922526889377 10.1216133965386 10.1168682310316 10.216118812561 10.4032880995009 10.1021806928847 9.97096708085802 10.1558972464667 10.7220532099406 10.4550907346937 9.99212551116943 9.70611953735352 9.58133994208442 9.54270521799723 9.46257993910048 9.48952282799615 9.65866173638238 9.74346129099528 9.65749677022298 9.53552521599664 9.55129549238417 9.67455577850342 9.72169081370036 9.69739553663466 9.66727945539686 9.65103403727213 9.65216869778103 9.88598410288493 9.95742596520318 9.83894411722819 10.0659854676988 9.96621905432807 9.84572728474935 9.89676920572917 9.78783819410536 9.76825936635335 9.753570344713
10.2101977666219 10.1980010138618 10.2055669360691 10.2276279661391 10.1732332441542 10.1764380137126 9.92399014366998 9.96818277570936 9.94186857011583 10.0445979436239 10.0110265943739 10.2952499389648 10.4421056111654 10.4260887569851 10.4097671508789 10.3419443766276 10.3023900985718 10.2980111440023 10.1628172132704 10.0935181511773 10.0020659764608 10.1155845854017 10.1302429835002 10.0560976664225 9.75896676381429 9.8217191696167 9.87560611300998 9.95337051815457 9.73899300893148 9.49497720930311 9.34679126739502 9.29148981306288 9.15837690565321 9.21255917019314 9.28999169667562 9.4559031592475 9.63872008853488 9.65362750159369 9.68273448944092 9.71057828267415 9.6558190451728 9.62959925333659 9.65977107153998 9.8604424794515 9.85636848873562 9.72306823730469 9.89496994018555 9.92843257056342 10.037387530009 9.77465693155924 9.52328353457981 9.28999296824137 9.44350730048285 9.74589496188693 9.76584974924723
10.16832447052 10.1708236270481 10.1814613342285 10.1967080434163 10.178215874566 10.1484092076619 10.0235764185588 10.0689892239041 9.93702422247993 9.95674663119846 10.102167447408 10.363235367669 10.3325013054742 10.3160895241631 10.3445702658759 10.3855537838406 10.395724190606 10.4209917916192 10.3615825441149 10.2240374883016 10.0909447140164 10.0866141849094 10.1094991895888 10.101890458001 9.68455579545763 9.49404504564073 9.52028783162435 9.43854713439941 9.18365001678467 9.04725933074951 9.02168485853407 9.1550170050727 8.9968851937188 8.71983771853977 8.78030448489719 9.16903718312581 9.3895353741116 9.51651202307807 9.45503870646159 9.63301001654731 9.72723579406738 9.59633488125271 9.88028558095296 9.8430675930447 9.60993692609999 9.78782335917155 9.72770139906141 9.88842625088162 9.69173357221815 9.24384138319227 9.16875648498535 9.17318216959635 9.44278282589383 9.99538220299615 10.0611760881212
9.98203754425049 10.1660608715481 10.1888992521498 10.1934563318888 10.1513201395671 10.1101113425361 10.0821704864502 10.0952610439724 10.0022090276082 9.87011602189806 10.2672877841526 10.1896738476223 10.2064771652222 10.1685509151883 10.2152705722385 10.2957664065891 10.3407039642334 10.3076300091214 10.2091789245605 10.184438917372 10.3154071172078 10.4208511776394 10.2788328594632 10.0118481318156 9.73770851559109 9.46768453386095 9.41289297739665 9.61826430426703 9.33847427368164 9.09605206383599 9.12785784403483 9.18438063727485 9.11527305179172 9.1420571009318 9.03651534186469 8.76643318600125 8.78615644243028 9.06881660885281 9.29059420691596 9.25707689921061 9.3547756406996 9.51872401767307 9.50908226437039 9.42043304443359 9.45442909664578 9.4029106563992 9.33657063378228 9.55733564164903 9.33468500773112 9.19750330183241 9.08131546444363 9.13789897494846 9.48718060387505 9.66765456729465 10.0792252222697
10.0262890921699 10.0324761072795 10.1694754494561 10.1699729495578 10.1295132107205 10.1286662419637 10.1186695098877 10.0902239481608 10.1236751344469 10.1097524431017 10.2152132458157 10.2115960650974 10.1868698332045 10.1748954984877 10.1758415434096 10.1331277423435 10.1010537677341 10.1002801259359 9.99000390370687 10.1217050552368 10.4264245563083 10.547479417589 10.630115085178 10.3136910332574 9.64838684929742 9.55225976308187 9.43148040771484 9.42909198337131 9.45569674173991 9.18734667036268 9.04513094160292 9.10204569498698 9.08348507351345 9.00184769100613 9.02298810746935 9.06012058258057 9.02261532677544 8.81371657053629 8.81700695885552 8.95663780636258 8.89896986219618 8.94222174750434 9.09883446163601 9.07947805192735 8.91187900967068 9.04408666822645 9.43465571933322 9.78505674997965 9.75527413686116 9.55199803246392 9.40109062194824 9.10099124908447 9.14153173234728 9.56435002221001 9.58594565921359
10.2819932301839 10.0476602978177 10.0458615620931 10.1999935574002 10.1552385754055 10.1195619371202 10.114808400472 10.0892845789591 10.1352770063612 10.158111360338 10.1517905129327 10.1491398281521 10.1557590696547 10.1450601153904 10.1319806840685 10.0494350857205 10.0417039659288 9.98701371086968 9.94775697920057 10.1035233603583 10.3828344345093 10.1089822981093 10.1076216167874 9.77763769361708 9.80210071139865 9.6766684850057 9.57570944892035 9.34029261271159 9.19995488060845 9.18668471442328 9.09484608968099 9.0680333243476 9.02516078948975 8.96845436096191 8.93632581498888 9.02278338538276 8.98014322916667 8.90177345275879 8.80278036329481 8.78681437174479 8.76157400343153 8.8220247692532 8.91736592186822 8.92979176839193 8.90347703297933 9.24803564283583 9.00082111358643 9.12689198387994 9.03318977355957 9.03554672665066 9.20996708340115 9.23324373033312 9.31607839796278 9.30555046929253 9.5007225672404
10.3099387486776 10.2265606986152 10.1445430119832 10.1506269243028 10.165560192532 10.12184937795 10.08899974823 10.1415747536553 10.1630790498522 10.1817228529188 10.1512024137709 10.1380727556017 10.0880177815755 10.0972953372531 10.0999181535509 10.0549269782172 10.0434678395589 10.001668188307 9.90461497836643 10.0293321609497 10.2477582295736 10.190146446228 10.106763097975 9.79712528652615 9.33860895368788 9.47810194227431 9.43662208980984 9.26136112213135 9.33066738976373 9.15529441833496 8.96465322706434 8.96670903099908 8.98968410491943 9.0212492412991 9.04321108924018 8.9699109395345 9.09218131171332 9.13614622751872 9.01564862993028 8.92639478047689 8.87575605180528 8.78753270043267 8.68780740102132 8.76150533888075 8.86242421468099 9.07796594831679 8.91521782345242 9.01251082950168 9.14573934343126 9.17486021253798 9.11788050333659 9.05146715376112 9.14214642842611 9.33335579766167 9.26539134979248
10.2598935233222 10.1486831241184 10.1104378170437 10.1374559402466 10.031510565016 9.99061637454563 10.1360331641303 10.1654614342584 10.1592059665256 10.1777890523275 10.116384824117 10.034002410041 10.0738381279839 10.0675654941135 10.05408138699 10.0551503499349 10.0317270490858 10.0142931408352 9.90665594736735 9.94391250610352 9.99681695302327 10.0797430674235 10.0456030103895 10.0204864078098 9.80063088734945 9.20057985517714 9.3421385023329 9.22662734985352 9.10849899715847 9.0957924524943 8.91108258565267 8.82111549377441 8.8037912580702 8.8588489956326 8.89048724704318 8.87359841664632 8.9299906624688 8.9699305428399 9.013901286655 8.95910220675998 8.87033536699083 8.7095529768202 8.59772438473172 8.66205607520209 8.79277451833089 8.90263599819607 9.01324812571208 9.01095443301731 9.06807857089572 9.08039771185981 9.05167388916016 9.08621131049262 9.2609265645345 9.40800115797255 9.30294291178385
10.1551938586765 10.0110562642415 9.99189758300781 10.110849486457 10.0591999689738 9.92581992679172 10.234452035692 10.1766273710463 10.1627637015449 10.1497738096449 10.1185292137994 10.1143120659722 10.0627874798245 10.0587729348077 10.0739208857218 10.0709319644504 10.0716382132636 10.0712867312961 9.98345544603136 9.90828196207682 9.90922429826525 9.94637086656359 9.93807294633653 9.91449726952447 9.91261471642388 9.53633170657688 8.88506719801161 9.172943327162 8.95478513505724 9.02310805850559 9.00065337287055 8.75879775153266 8.73888842264811 8.72043916914198 8.88733673095703 8.95418908860948 8.90335697597927 8.87436559465196 8.85147518581814 8.85100343492296 8.9109935760498 8.92254967159695 8.79533301459418 8.58748107486301 8.68739393022325 9.01407792833116 8.96590137481689 9.01294814215766 8.96631940205892 8.94359821743435 9.06234211391873 9.17108249664307 9.19824017418755 9.31413820054796 9.3752711613973
9.91914939880371 9.90593549940321 9.9148875342475 10.0210856331719 10.0772765477498 10.0659991370307 10.1253864500258 10.0145535998874 10.1610715654161 10.1345916324192 10.1198677486844 10.1234715779622 10.0108153025309 10.0815321604411 10.0634928809272 10.0211392508613 10.0780888663398 10.118659125434 10.0547116597493 9.96383614010281 10.0592949125502 10.07957511478 10.0260180367364 9.92746384938558 9.80203130510118 9.65123441484239 8.87071016099718 8.86011876000298 8.96816719902886 8.92048793368869 8.74937068091498 8.65338134765625 8.7693387137519 8.73983944786919 8.76587602827284 8.81872463226318 8.9395850499471 8.97600735558404 8.88376013437907 8.83404148949517 8.9236118528578 9.08028835720486 8.99960655636258 8.71676031748454 8.70039017995198 8.91031985812717 9.06237104203966 9.08771493699816 8.94079526265462 8.89930968814426 9.02509964836968 9.30267630683051 9.62507449256049 9.48342439863417 9.68128087785509
9.86374844445123 9.88953240712484 9.90955087873671 10.0123347176446 10.0058850182427 10.2422746022542 10.1382259792752 9.91400559743245 10.0703135596381 10.1258291668362 10.1086015701294 10.0928484598796 10.0581230587429 10.0992517471313 10.0317385991414 10.0020399093628 10.0806144078573 10.2166979047987 10.0488995446099 10.042823155721 10.0225434833103 9.99355528089735 9.90268145667182 9.99788294898139 9.7770947350396 9.4799387190077 9.11460738711887 8.95037290785048 8.90896924336751 8.71994876861572 8.65930165184869 8.71399815877279 8.74513668484158 8.75540701548258 8.73563490973578 8.75881248050266 8.8175253338284 9.01532321506076 9.1150811513265 8.99913003709581 8.97985341813829 9.04719903733995 9.24470604790582 9.22833930121528 8.87488068474664 8.85285536448161 9.00986809200711 9.16480435265435 9.01579517788357 8.87299558851454 9.15637461344401 9.231368276808 9.34496487511529 9.10164875454373 9.23451550801595
9.98087914784749 9.86781416998969 9.89978472391764 10.0031286875407 10.048956129286 10.0404966142442 9.88602161407471 9.81316089630127 9.86720667945014 10.0432527330187 10.0961200926039 10.1152291827732 10.1133827633328 10.0818072424995 10.058908144633 10.0069590674506 10.1293773651123 10.2837187449137 10.0083410474989 9.93405977884928 9.9485756556193 10.0008532206217 10.059939066569 9.73695384131537 9.41356309254964 9.19595220353868 9.127259572347 9.14912721845839 8.99725257025825 8.80661413404677 8.64394516415066 8.70376862419976 8.77403185102675 8.82617897457547 8.80198711819119 8.75907060835097 8.80747752719455 8.82614549001058 8.90685685475667 9.08921750386556 9.07366148630778 9.03147951761881 9.09026082356771 9.30526192982991 9.31194241841634 9.06431558397081 9.17200099097358 9.19637531704373 9.23513571421305 9.08093611399333 9.00245104895698 9.30657249026828 9.23357804616292 9.11394362979465 9.40039751264784
9.96575895945231 10.0385566287571 9.91471311781141 9.96100616455078 10.0984327528212 9.89861594306098 9.94361294640435 9.88036198086209 10.0253722932604 9.84163263108995 10.0374042722914 10.0758090549045 10.0836506949531 10.0833475324843 10.0616174274021 10.0453620486789 10.1396053102281 10.3371054331462 9.99873034159342 9.99383205837674 9.98216067420112 9.92022238837348 9.99240038130018 9.90885819329156 9.72887007395426 9.67551358540853 9.19037691752116 8.97383160061306 9.15308803982205 9.22536563873291 9.00220288170708 8.87898519304064 8.84580177730984 8.87443065643311 8.89000532362196 8.88298002878825 8.87201489342583 8.83546055687798 8.76730145348443 8.80228667789035 8.96217526329888 9.07375812530518 9.07891284094916 9.12388833363851 9.29940022362603 9.3655645582411 9.13407431708442 9.15117041269938 9.16871028476291 9.29240544637044 9.11943859524197 9.24924574957953 9.54351806640625 9.48713196648492 9.43475850423177
10.013040860494 10.0343086454603 9.99628109402127 9.9096130794949 10.1289612452189 10.0096173816257 9.87194146050347 10.0642747879028 9.99427117241753 9.9064671198527 9.86861292521159 9.92232471042209 10.0849714279175 10.0558364656236 10.0868944591946 10.0433948304918 10.0926215913561 10.3162175284492 9.99534299638536 10.0487200419108 9.77111445532905 9.83200772603353 9.99835798475477 9.91518561045329 9.56590874989827 9.14351728227403 9.1039318508572 9.42493830786811 9.04132895999484 8.93193679385715 8.66934818691677 8.71721426645915 8.92424625820584 8.87543498145209 8.8897492090861 8.94909879896376 8.89553621080187 8.95930332607693 8.87542491488987 8.83925427330865 8.8527037302653 8.86257139841715 8.96575281355116 9.09363714853922 9.15038871765137 9.26673624250624 9.23257117801242 9.19130039215088 9.16067875756158 9.2591929965549 9.20836469862196 9.22066815694173 9.31970394982232 9.53938579559326 9.63961972130669
9.88806629180908 10.0805655585395 9.96471945444743 10.0017397138808 10.1702346801758 9.90490743849013 9.85250451829698 10.0592407650418 9.96095763312446 9.84682496388753 9.85044458177355 9.88860978020562 9.98700205485026 10.0971440209283 10.0856842464871 10.0681344138251 10.0517916149563 10.2036078770955 10.0649936464098 9.99053457048204 9.92948945363363 9.76722081502279 9.9479152891371 9.86402903662787 9.27159923977322 9.23228920830621 9.36560662587484 9.05531862046984 8.7442332373725 8.51899274190267 8.66313796573215 8.539046075609 8.51829062567817 8.87923441992866 8.80369853973389 8.93184831407335 9.03197002410889 8.94290065765381 8.967162238227 9.15597258673774 8.88439517550998 8.8634983698527 8.88216061062283 8.91674762301975 8.99130471547445 9.06083901723226 9.16513570149739 9.13502989874946 9.23168415493435 9.19650257958306 9.27780935499403 9.26509147220188 9.20166863335503 9.36543040805393 9.5400612089369
9.91131507025825 10.0583158069187 9.89944744110107 10.1177653206719 10.1781091690063 10.067082617018 9.91930898030599 10.0340518951416 9.93393834431966 9.8592430750529 9.8749336666531 9.91819413503011 10.0201609929403 9.83720186021593 10.0729020436605 10.075421333313 10.0589884652032 10.1085110770331 10.0197711520725 9.90282577938504 10.0519929462009 9.84970315297445 9.8400657441881 9.78510348002116 9.41991572909885 9.45452064938015 9.18562168545193 8.82547346750895 8.67174190945095 8.5488149854872 8.73731136322021 8.82287936740451 8.6481606165568 8.65161757998996 8.86103831397162 8.86380322774251 8.91656483544244 9.04952441321479 9.08588886260986 9.24936294555664 9.38216813405355 9.32217693328857 9.30989085303412 9.183685514662 9.04110389285617 8.97290060255263 9.05484485626221 9.11155266231961 9.14920033348931 9.25690195295546 9.25055556827121 9.27977032131619 9.34299818674723 9.33241240183512 9.47858545515272
9.80468167199029 9.99750645955404 9.90165498521593 10.0906479093764 10.2260998619927 10.1289120780097 9.99952591790093 9.88305939568414 9.87479008568658 9.86041598849826 9.84490511152479 9.86560026804606 9.95506445566813 9.95262432098389 9.85271432664659 10.0526662402683 10.0310150782267 10.0231489605374 9.9435617658827 9.92934862772624 10.0407425562541 9.94398901197645 9.71136919657389 9.65857675340441 9.62346490224202 9.55895116594103 9.42616536882189 9.19865555233426 8.52160983615451 8.49397754669189 8.77514383527968 8.62549877166748 8.52922375996907 8.46598222520616 8.53152412838406 8.72581026289198 8.85813903808594 8.95429303910997 9.0146181318495 9.0351169374254 9.38490888807509 9.32090112898085 9.31796932220459 9.49346107906765 9.34515645768907 9.29655965169271 9.16033691830105 9.10679276784261 9.148560418023 9.19314087761773 9.31986946529812 9.40505239698622 9.35333749983046 9.44743008083767 9.39428032769097
9.80040486653646 9.87432914310031 9.89895926581489 10.0875377655029 10.2121320300632 10.266308678521 10.1528024673462 10.1667927636041 9.88315592871772 9.71801143222385 9.73484664493137 9.75510851542155 9.92554155985514 9.84300210740831 9.85806465148926 9.90775669945611 10.010570526123 9.93993038601345 9.90458393096924 9.92097674475776 10.0616567399767 10.0204385121663 9.67443084716797 9.45930035909017 9.41712496015761 9.51036071777344 9.61310439639621 9.40257665846083 9.11956702338325 8.6270661883884 8.65252939860026 8.43725246853299 8.25625811682807 8.54706901974148 8.34217569563124 8.42896895938449 8.48791927761502 8.63206566704644 8.75429079267714 8.82737467024061 9.02314896053738 8.88634512159559 9.09868568844265 9.1771993637085 9.28735881381565 9.44559934404161 9.59489991929796 9.39357386695014 9.31890328725179 9.28401184082031 9.32277986738417 9.27100033230252 9.38765705956353 9.41524336073134 9.47334268358019
9.82406891716851 9.76012484232585 9.97591760423448 10.0840471055773 10.1338388654921 10.29678662618 9.9903662999471 10.1686685350206 10.0578234990438 9.82925679948595 9.75593577490912 9.7445272869534 9.72791502210829 9.8527291615804 10.0639032787747 9.84992334577772 9.97451093461778 9.90310880872938 9.86618974473741 9.95247522989909 10.0244477589925 10.089032597012 9.70591343773736 9.43378798166911 9.30129051208496 9.25113985273573 9.37948555416531 9.41307788425022 9.30673037634955 9.18776851230197 8.89297082689073 8.46080366770426 8.37214289771186 8.43372758229573 8.31076579623752 8.41545730166965 8.32772254943848 8.34917471143934 8.51947816212972 8.53490500979953 8.64643457200792 8.63542864057753 8.67258336808946 9.10044066111247 8.96674558851454 9.1545991897583 9.39024639129639 9.61916838751899 9.31296878390842 9.18055746290419 9.32567416297065 9.40260685814751 9.51139079199897 9.52174716525608 9.42763858371311
9.88095124562581 9.77977848052979 10.0494522518582 10.013470225864 10.0506671269735 10.1708659066094 10.061516655816 9.88932514190674 10.0372580422295 9.88353655073378 9.8016726175944 9.75995688968234 9.7189679675632 9.80094083150228 9.92482429080539 10.1046560075548 9.87938668992784 9.9448340733846 9.98947927686903 10.0718248155382 10.0784171422323 10.1731131871541 9.72173235151503 9.48024145762126 9.32978661855062 9.22260453965929 9.19748285081651 9.24585511949327 9.17742559644911 9.13168250189887 9.16724480523003 8.93879127502441 8.55735047658284 8.43815252516005 8.33579074011909 8.31340779198541 8.32000615861681 8.6058177947998 8.42843182881673 8.33054531945123 8.43725532955593 8.49272632598877 8.4512562221951 8.6842212677002 8.83415296342638 8.73465124766032 8.7957034640842 9.34603638119168 9.60285483466254 9.16595681508382 9.07507801055908 9.31211227840847 9.50578721364339 9.50039937761095 9.68629625108507
9.78157520294189 9.82927269405789 9.88342242770725 9.84848361545139 9.95222049289279 9.94841151767307 10.1355826059977 9.84224065144857 9.94535223642985 9.69452826182047 9.73409896426731 9.68910121917725 9.68618117438422 9.83723714616564 10.3155447642008 10.2217706044515 10.1280345916748 9.90395588344998 10.0689877404107 10.2182441287571 10.1989782121446 10.0429857042101 9.67055172390408 9.69486247168647 9.48081726498074 9.35794872707791 9.20027584499783 9.22724999321832 9.15588347117106 9.20374700758192 8.82154125637478 9.0234375 8.91941240098741 8.6875114440918 8.57642724778917 8.31710158454047 8.41065004136827 8.31674003601074 8.27739312913683 8.42453511555989 8.42626433902317 8.45717716217041 8.45463297102186 8.55642594231499 8.58111932542589 8.5481112798055 8.61803287929959 8.76541413201226 9.29012923770481 9.33457618289524 9.14923413594564 9.03402360280355 9.11790593465169 9.36357402801514 9.65173615349664
9.65682877434624 9.77106910281711 9.72388871510823 9.89951409233941 9.92671203613281 9.94732517666287 9.98534149593777 9.88791667090522 9.71787643432617 9.62200842963325 9.85950491163466 10.0972437328762 9.93099117279053 9.83047580718994 10.1124422285292 10.0835908253988 10.2051192389594 10.2019616232978 10.2810881932576 10.1201292673747 10.2332370546129 10.1324513753255 9.76958635118273 9.58541711171468 9.31420474582248 9.29739634195963 9.25830438401964 9.22733762529161 9.07804319593641 9.04628859625922 9.04300615522597 8.90718491872152 9.1438365512424 8.53930526309543 8.61507182651096 8.60402086046007 8.57038328382704 8.46917936537001 8.30088710784912 8.29558531443278 8.37927648756239 8.39213212331136 8.51401382022434 8.5257076687283 8.57727389865451 8.58280489179823 8.6038449605306 8.81330320570204 8.92133140563965 8.97870169745551 9.08704058329264 9.13639121585422 9.11563894483778 8.98863644070095 9.11618126763238
