data/cape_peninsula/rasters90/Tmin_jul_mean.asc
NCOLS 225 
NROWS 643 
XLLCORNER 249990 
YLLCORNER 6189390 
CELLSIZE 90 
NODATA_value -9999 
[rows 24 to 47 of 643, columns 165 to 219 of 225]
-9999 -9999 -9999 -9999 -9999 -9999 -9999 -9999 -9999 -9999 -9999 -9999 -9999 -9999 10.3027105331421 10.179892010159 10.1843990749783 10.1563127305773 10.1140024397108 10.1581021414863 10.168104701572 10.3127480612861 10.3075566821628 10.3087889353434 10.3153533935547 10.3103808297051 10.305213716295 10.2944722705417 10.3073297076755 10.2874967787001 10.091901673211 10.0675797992282 10.1044946246677 10.2107663684421 10.1330777274238 10.23560195499 10.0943087471856 10.153407520718 10.1464574601915 10.2130692799886 10.1532914903429 10.0800834231906 10.0823749966092 10.1542020373874 10.2502100202772 10.1430835723877 10.2605597178141 10.1621584362454 10.1606917911106 10.192714161343 10.0742034912109 10.2512381871541 10.1437709596422 10.1133932537503 10.1119866900974
-9999 -9999 -9999 -9999 -9999 -9999 -9999 -9999 -9999 -9999 -9999 -9999 -9999 10.2833115259806 10.1708798938327 10.1306149164836 10.1605812708537 10.2369080649482 10.237960073683 10.2604118982951 10.170872370402 10.3098766538832 10.2755835851034 10.2973805533515 10.3126247194078 10.3075131310357 10.299416648017 10.2867879867554 10.3000083499485 10.1948251724243 10.0623407363892 10.050514433119 10.0630185869005 10.1876388125949 10.1657529407077 10.1001381344265 10.1429826948378 10.0963597827488 10.1503329806858 10.2409331003825 10.1023076375326 10.1087400648329 10.1885641945733 10.2428766886393 10.1479637357924 10.2813012864855 10.1122099558512 10.2034118440416 10.1178654564752 10.1782370673286 10.1098660363091 10.2102382447984 10.1447443432278 10.159345097012 10.0771669811673
-9999 -9999 -9999 -9999 -9999 -9999 -9999 -9999 -9999 -9999 -9999 -9999 10.3756271998088 10.1644514931573 10.1539345847236 10.1554897096422 10.2515156004164 10.1902733908759 10.2145902845595 10.2062682045831 10.185703807407 10.305419921875 10.2849120034112 10.3132147259182 10.3253849877252 10.301280869378 10.2734088897705 10.2709630330404 10.1987709469265 10.0892057418823 10.1094213061863 10.0926673677233 10.0538087420993 10.1409993701511 10.1664933098687 10.1365546120538 10.1024377610948 10.123494360182 10.1050073835585 10.1592468685574 10.135088496738 10.1713318294949 10.2430816226535 10.0872481664022 10.1857879426744 10.1861833996243 10.1045453813341 10.2399431864421 10.103569454617 10.1521823671129 10.1647211710612 10.127877553304 10.1754066679213 10.1443457073636 10.0901619593302
-9999 -9999 -9999 -9999 -9999 -9999 -9999 -9999 -9999 -9999 -9999 10.3584747314453 10.2015281915665 10.1082640753852 10.1146632300483 10.3035033543905 10.1620826721191 10.2064161300659 10.2964958614773 10.1998568640815 10.2110942204793 10.2854451073541 10.3186930550469 10.3036852942573 10.301456451416 10.3229630788167 10.3037345674303 10.2657066980998 10.1360243691338 10.0823494593302 10.1063336266412 10.2336576249864 10.2195704778035 10.1236434512668 10.1165208816528 10.135845820109 10.1558294296265 10.2378913031684 10.1562763849894 10.1441713968913 10.0618170632256 10.2353959613376 10.1706592771742 10.101479212443 10.1083704630534 10.2141642040677 10.0428535673353 10.2420063018799 10.0366513994005 10.1581587261624 10.1636742485894 10.2076292037964 10.2509390513102 10.182186126709 10.0880417293972
-9999 -9999 -9999 -9999 -9999 -9999 -9999 -9999 -9999 10.3194551467896 10.2105867862701 10.2377749681473 10.1325137880113 10.116905954149 10.133810043335 10.1665857103136 10.248286459181 10.2499405543009 10.1984385384454 10.1964908175998 10.1802376641168 10.2149013943142 10.3313149346246 10.3062274720934 10.29321914249 10.2993132273356 10.2968094083998 10.2258523305257 10.0697301228841 10.1367048687405 10.2261100345188 10.2622863981459 10.2936612235175 10.1914360258314 10.1866288714939 10.1256859037611 10.1324267917209 10.2036356396145 10.1559942033556 10.1278810501099 10.1630505455865 10.1477129194472 10.2359127468533 10.0266527599759 10.1075084474352 10.1776725980971 10.3190861807929 10.1573209762573 10.0686859554715 10.0335939195421 10.1244858635796 10.2337496015761 10.2103109359741 10.1605471505059 10.0237019856771
10.060475508372 10.1532912254333 10.0871493021647 10.2665036519368 10.1772286097209 10.3671897252401 10.2109073003133 10.1843418545193 10.1937728457981 10.1811204486423 10.2173634635078 10.1686819924249 10.1796391805013 10.1555505328708 10.2058482699924 10.2307854758369 10.34931257036 10.0835337109036 10.1589526070489 10.1276655197144 10.2964826160007 10.1332639058431 10.3365461561415 10.3052517573039 10.3004752265082 10.2797250747681 10.216564602322 10.1248893737793 10.1107989417182 10.2184504403008 10.2360826068454 10.3013085259332 10.2664271460639 10.2225024965074 10.1609290440877 10.1431682374742 10.1686425738864 10.1650626924303 10.2040782504612 10.1965873506334 10.1389636993408 10.2703414493137 10.2328782611423 9.97153748406304 10.0451884799533 10.2997347513835 10.1006769604153 10.0994003083971 10.0892518361409 10.1175716188219 10.0705392625597 10.1975241767036 10.1493872536553 10.1584099663628 10.0853802363078
10.0499471028646 10.1060548358493 10.3446559906006 10.1027575598823 10.2408879597982 10.1859714719984 10.2043714523315 10.2671658198039 10.1595181359185 10.1943125194973 10.2694471147325 10.1424083709717 10.0638207329644 10.1023438771566 10.1732802920871 10.3165860705905 10.221016354031 10.1822934680515 10.0632718404134 10.2404509650336 10.1926699744331 10.1940818362766 10.3625177807278 10.3066651026408 10.3041275872125 10.2433161205716 10.1685647964478 10.0996352301704 10.1666632758247 10.2402759128147 10.3241624832153 10.2665589650472 10.2429722679986 10.2412059572008 10.1342404683431 10.208621872796 10.1957444085015 10.2668122185601 10.1786919699775 10.1370170381334 10.2589530944824 10.2271015379164 10.1900625228882 10.0663459565904 10.0847187042236 10.158152686225 10.1208357281155 10.1351548300849 10.110895368788 10.1423514684041 10.0810696283976 10.1810264587402 10.1444607840644 10.2056494818793 10.055614789327
10.1257007386949 10.2159076266819 10.2134487364027 10.1444280412462 10.1912109586928 10.2663311428494 10.2387858496772 10.1266300413344 10.1649621327718 10.2473719914754 10.165140469869 10.1617769665188 10.1702041625977 10.1414990954929 10.2690637376573 10.238010512458 10.1502086851332 10.3348726696438 10.1922740936279 10.2175332175361 10.1734035280016 10.1975936889648 10.3622956805759 10.3053465949164 10.2806265089247 10.2386368645562 10.1679253048367 10.1230569415622 10.2252688937717 10.2948336071438 10.2671515146891 10.2589593463474 10.216588973999 10.2968314488729 10.1974043316311 10.2858939700656 10.2253352271186 10.1884875827365 10.224967956543 10.2639132605659 10.2655878067017 10.2244664298164 10.1771990458171 10.0892114639282 10.140782462226 10.1627320183648 10.0988895628187 10.1007429758708 10.0697895685832 10.1604905658298 10.0544756783379 10.1822492811415 10.1756248474121 10.2346541086833 10.0460349188911
10.2828071382311 10.1157241397434 10.146900177002 10.1168837017483 10.1703054640028 10.17316087087 10.1392986509535 10.1631226009793 10.2484857771132 10.1540576087104 10.1680907143487 10.2563635508219 10.157826423645 10.189793586731 10.3255157470703 10.1652614805433 10.2568034066094 10.3199990590413 10.3378802405463 10.1182846493191 10.0329629050361 10.2362399631076 10.2985447777642 10.2727189593845 10.267893049452 10.2448819478353 10.2049083709717 10.2071305380927 10.1222735510932 10.2479473749797 10.2712970309787 10.2657248179118 10.3406397501628 10.2821695539686 10.2299688127306 10.2014203601413 10.1508601506551 10.2971926795112 10.2762236065335 10.2815688451131 10.1820163726807 10.1761776606242 10.1584701538086 10.1769142150879 10.1299055947198 10.1718209584554 10.0783421198527 10.0516480339898 10.0660722520616 10.116463025411 10.1498716142442 10.2085025575426 10.1814711888631 10.1476704279582 10.1710536744859
10.1429310904609 10.2968697018094 10.1702087190416 10.2297851774428 10.1542672051324 10.1838073730469 10.126651763916 10.1362516615126 10.2217522727119 10.1763517591688 10.3675691816542 10.1275664435493 10.2068653106689 10.1453728146023 10.2860428492228 10.1638745201959 10.3197490904066 10.3358805974325 10.2636299133301 10.1369499630398 10.0773447884454 10.172317398919 10.243980301751 10.2682028876411 10.3075092103746 10.2476885053847 10.1857540342543 10.2424013349745 10.3712218602498 10.3753163019816 10.3646053738064 10.3195352554321 10.2355963389079 10.2459231482612 10.2602212693956 10.3215220769246 10.2923426098294 10.2415655983819 10.167123582628 10.1549195183648 10.1950625313653 10.1512121624417 10.2130718231201 10.2107632954915 10.0917557610406 10.1611457400852 10.1904360453288 10.0840174357096 10.0518826378716 10.0985552469889 10.1849952273899 10.1643942726983 10.2237774531047 10.181676334805 10.2404075198703
10.2428552839491 10.3407382965088 10.2231577767266 10.1921645270454 10.1573361290826 10.1808854209052 10.1793934504191 10.0620274013943 10.1657458411323 10.1837644577026 10.2726405461629 10.1883276833428 10.2666373782688 10.0902498033312 10.3629772398207 10.2148262659709 10.3057735231188 10.2190931108263 10.1898580127292 10.1446795993381 10.1623548931546 10.085155804952 10.2151981989543 10.314833217197 10.2474619547526 10.2604608535767 10.1719717449612 10.2903857760959 10.2697798411051 10.2249466578166 10.2033760282728 10.2337183422512 10.2587872611152 10.2753337224325 10.3311943478054 10.3480850855509 10.2972383499146 10.2048826217651 10.1337556838989 10.0711558659871 10.1348028182983 10.2687604692247 10.1335718366835 10.0625894334581 10.0614858203464 10.2000789642334 10.1810595194499 10.1496022542318 10.082049369812 10.0898241466946 10.087117407057 10.1180963516235 10.2465943230523 10.2289342880249 10.186584048801
10.3213713963826 10.2984396616618 10.176634894477 10.1407484478421 10.2093343734741 10.2777312596639 10.2236682044135 10.0758589638604 10.0473480224609 10.0968444612291 10.1127396689521 10.2774300045437 10.3149423599243 10.2856482399835 10.2071151733398 10.2283900578817 10.2505598068237 10.2565072377523 10.1596976386176 10.2302174038357 10.1785002814399 10.1966356701321 10.2124754587809 10.2554593616062 10.3816947937012 10.1468524932861 10.1871516969469 10.2373639212714 10.2798736360338 10.2353443569607 10.1513923009237 10.2212859259711 10.2820443047418 10.2864036560059 10.3005856408013 10.2541020711263 10.2100997500949 10.1200784047445 10.1740580664741 10.0591479407416 10.1968704859416 10.3157779905531 10.0840974383884 10.1338467068142 9.99491702185737 10.0414222081502 10.1835119459364 10.2328511344062 10.1141531202528 10.0751017464532 10.2444604237874 10.2816246880425 10.3248247570462 10.3005327648587 10.1535329818726
10.2068929672241 10.1812053256565 10.1294262144301 10.2292167875502 10.2721184624566 10.2405281066895 10.179908964369 10.2210573620266 10.1595231162177 10.1009383731418 10.1710442437066 10.2182262208727 10.3107718361749 10.2405502531264 10.1824329164293 10.1700913111369 10.2472652859158 10.1972342597114 10.1663360595703 10.2155062357585 10.2017135620117 10.3519330554538 10.1634834077623 10.3391531838311 10.3381055196126 10.183131535848 10.1969185935126 10.2384119033813 10.2555610868666 10.1955569585164 10.1485718621148 10.2541478474935 10.3243898815579 10.3269856770833 10.2961954540677 10.2948611577352 10.1044983334011 10.0362406836616 9.9663724899292 10.0387541453044 10.0898385577732 10.2698277367486 10.0306214226617 10.1267862319946 10.1480100419786 10.0177940792508 10.1432638168335 10.1896066665649 10.2054921256171 10.0740242004395 10.3352105882433 10.2953027089437 10.2410667207506 10.1440992355347 10.120779355367
10.1999331580268 10.1663279003567 10.2083919313219 10.2496717241075 10.2471649381849 10.1601350572374 10.2993136511909 10.2532092200385 10.1749007966783 10.2402413686117 10.0953590604994 10.2788533104791 10.1800983217027 10.1665909025404 10.2214104334513 10.2827828725179 10.2703011830648 10.3382628758748 10.2953239017063 10.3536888758341 10.3180878957113 10.2422013812595 10.1792182922363 10.2975739373101 10.2624258465237 10.1829223632812 10.2106893327501 10.3019077512953 10.2604709201389 10.1645188861423 10.2663134468926 10.3220925860935 10.3088778389825 10.3017584482829 10.2686440149943 10.2855029635959 10.3190946578979 9.96537653605143 9.97709539201525 10.0885605282254 10.0328993267483 10.2844952477349 10.0855896208021 10.0125792821248 10.2409918043349 10.135840733846 10.0614666408963 10.2564296722412 10.1708102756076 10.1194361580743 10.163233757019 10.1625723308987 10.1942117479112 10.1146003935072 10.0724896325005
10.1731031205919 10.1132776472304 10.2095161014133 10.0871091418796 10.2443387773302 10.1581532160441 10.2976826561822 10.1363781823052 10.1550033357408 10.3348203235202 10.2668506834242 10.235379325019 10.2771011988322 10.2100823720296 10.3592105441623 10.1619267993503 10.2660896513197 10.3099683125814 10.1873621410794 10.2476166619195 10.1875470479329 10.2760517332289 10.1696764628092 10.2482680214776 10.2556054857042 10.1418412526449 10.2801300684611 10.3102524015639 10.3416606055366 10.3236377504137 10.3529935412937 10.3523703681098 10.337687810262 10.3114305072361 10.2861824035645 10.2698480818007 10.1662313673231 9.98982514275445 9.98651843600803 10.002592086792 10.1367001003689 10.2926289240519 10.2640482584635 10.0416700575087 10.0834618674384 10.013096385532 10.035855823093 10.1145448684692 10.1077191034953 10.2025135887994 10.1997753779093 10.1676796807183 10.2395095825195 10.1604257159763 10.0945124096341
10.2172318564521 10.185276137458 10.1177072525024 10.2630650202433 10.3575121561686 10.4129510455661 10.2992375691732 10.1617677476671 10.178815735711 10.3040606180827 10.3378392325507 10.2002383338081 10.3406739764743 10.1864639918009 10.2093883090549 10.1722911198934 10.2602157592773 10.2300811343723 10.1947027842204 10.1610992219713 10.2618975109524 10.2387345631917 10.1829529868232 10.1584224700928 10.3053473366631 10.3073463439941 10.3416161007351 10.3102376725939 10.3607345157199 10.3494589063856 10.3469122780694 10.3538437949287 10.3512411117554 10.33012231191 10.3045670191447 10.2867838541667 10.2139670054118 10.0233288870917 10.0484356350369 10.0203132629395 10.1345373789469 10.2060149510701 10.0120326148139 10.1378218332926 10.1049001481798 10.0770896275838 10.070287598504 10.0701762305366 10.1359640757243 10.243998421563 10.2098666297065 10.2695608139038 10.2158736122979 10.0161991119385 10.1682971318563
10.2323752509223 10.2229669358995 10.2139218648275 10.2123273213704 10.234992980957 10.2893188264635 10.2779268688626 10.301697201199 10.1886038250393 10.2112441592746 10.2312364578247 10.1977495617337 10.2251111136542 10.197719362047 10.1834943559435 10.2663535012139 10.2007158067491 10.1588620079888 10.1472157372369 10.2571636835734 10.309899965922 10.1430863274468 10.1482330958048 10.2405462265015 10.3540771272447 10.3045683966743 10.2827666600545 10.362214618259 10.3755649990506 10.3581962585449 10.3553687201606 10.3450040817261 10.3056520885891 10.2650434705946 10.2065407435099 10.1530532836914 10.1288441552056 10.0999952952067 10.1253613366021 10.0679406060113 10.1103261311849 10.233173582289 10.0848247740004 10.0912222332425 10.0460608800252 10.0888890160455 10.0243565241496 10.128961775038 10.1913836797078 10.2451900906033 10.1370411978828 10.1815363566081 10.1658062405056 10.1567374335395 10.1452324125502
10.2185328801473 10.3090172873603 10.2374416987101 10.2716283798218 10.2927861743503 10.1311256620619 10.1928570005629 10.1892960866292 10.1259433958266 10.272832552592 10.2656716240777 10.2550072140164 10.1510744094849 10.138447019789 10.183452712165 10.1588933732775 10.2414306004842 10.3025152418349 10.2929857042101 10.3567994435628 10.2301715215047 10.2162148157756 10.2082669999864 10.32245932685 10.3628785875109 10.3711376190186 10.3973246680366 10.3859522077772 10.2725488874647 10.2816295623779 10.3244794209798 10.3081657621596 10.3025619718764 10.3026337093777 10.1622354719374 10.175184779697 10.2923011779785 10.2650948630439 10.2409805721707 10.2150751749674 9.98450872633192 10.0962974760267 10.1488599777222 10.1100049548679 10.1347467634413 10.145943429735 10.1417387856377 10.1563073264228 10.1374363369412 10.2064923180474 10.2300418217977 10.2269900639852 10.0983243518405 10.1437137391832 10.1785133149889
10.3314286337958 10.1608812544081 10.3320169448853 10.2618855370416 10.1434693866306 10.0928368038601 10.0521478652954 10.0741567611694 10.2817805608114 10.3390838834974 10.2325357860989 10.2434095806546 10.1001491546631 10.0602116054959 10.0746276643541 10.2999972237481 10.3562804328071 10.3199376000298 10.2899681727091 10.0597218407525 10.2622266345554 10.3053215874566 10.2764828999837 10.3572895261976 10.3853865729438 10.4061759312948 10.4012619654338 10.3778718312581 10.3407113817003 10.3570559819539 10.3429352442423 10.3077735900879 10.3068129221598 10.2491406334771 10.2079579035441 10.2415342330933 10.1701043446859 10.1366350385878 10.1259309980604 10.1850516001383 10.1937412685818 10.0947403377957 10.2285440233019 10.0404479768541 10.1484547721015 10.0295635859172 10.0242899788751 10.0210773679945 10.2126605775621 10.2700736787584 10.2797073788113 10.2503761715359 10.1677776972453 10.123730023702 10.1474518246121
10.2411206563314 10.3582748836941 10.3620018429226 10.0918927722507 10.2099816004435 10.195549858941 10.1778945922852 10.0673351287842 10.1813540988498 10.2776630189684 10.1622374852498 10.2044639587402 10.1324508455065 10.0994235144721 10.1058316760593 10.292096985711 10.1419058905707 10.335044225057 10.2699041366577 10.294346385532 10.1758207745022 10.2700250413683 10.2892151938544 10.3215761184692 10.3635284635756 10.3989855448405 10.2270684772068 10.3547214931912 10.3478547202216 10.2529284159342 10.2829234864977 10.2141956753201 10.1576064427694 10.222867541843 10.0637666914198 10.1979931725396 10.101478682624 10.0915700064765 10.1185191472371 10.205999162462 10.2025257746379 10.1450570424398 10.1868435541789 10.0563555823432 10.05690574646 10.0483207702637 10.0189830991957 10.0946820576986 10.212683889601 10.1880413691203 10.1956075032552 10.1544230779012 10.1185759438409 10.171293258667 10.1716840532091
10.3620889451769 10.3332132763333 10.1881037818061 10.1520937813653 10.3115169737074 10.2452487945557 10.1594632466634 10.1472610897488 10.0201412836711 10.0929143693712 10.1867025163439 10.1672186321682 10.1526351504856 10.069103664822 10.2001079983181 10.2731004291111 10.3677349090576 10.3741557863024 10.3335346645779 10.253335846795 10.146062956916 10.3829393386841 10.3587923049927 10.3862392637465 10.3161483340793 10.26046233707 10.2157016330295 10.2225271860758 10.2255812750922 10.2229359944661 10.2742784288194 10.1535829967923 10.1585992177327 10.1337319480048 10.0844231711494 10.0886478424072 10.1041464275784 10.1629960801866 10.0935183631049 10.1547317504883 10.1332031885783 10.1159363852607 10.0531704160902 10.0341990788778 9.99964067671034 10.0173069636027 10.0168164571126 10.0273871951633 10.1103307935927 10.1651904847887 10.2645087771946 10.0874729156494 10.0984068976508 10.1966159608629 10.2020554012722
10.3335715399848 10.3294858932495 10.2155585818821 10.2442640728421 10.2271835539076 10.0898434321086 10.2370257907444 10.1055206722683 10.148929172092 10.2298769421048 10.1146394941542 10.1399722629123 10.1049342685276 10.2178657319811 10.0977700551351 10.368057568868 10.3504073884752 10.3387196858724 10.2715828153822 10.3072775734795 10.1864309310913 10.3659765455458 10.2591766781277 10.3738165961372 10.3267424901326 10.2000074386597 10.1746079126994 10.1938523186578 10.1902871661716 10.2094700071547 10.1869507895576 10.1445637808906 10.1587812635634 10.1403572294447 10.1181460486518 10.1800324122111 10.2376123004489 10.1814833747016 10.0530298021105 10.0427596833971 10.1024715635512 10.241388214959 10.0453339682685 10.026344511244 10.0236196517944 10.0214029947917 10.0498877631293 10.1097949345907 10.1019681294759 10.1642136043972 10.2278381983439 10.1076103846232 10.1314825481839 10.2153326670329 10.234079890781
10.1271665361192 10.1276720894708 10.1152042812771 10.1305838690864 10.1176464292738 10.0237208472358 10.1940337287055 10.3144886228773 10.4347821341621 10.3228481080797 10.150934431288 10.2188986672295 10.1503909428914 10.3177064259847 10.101224899292 10.3393688201904 10.3145936330159 10.31534131368 10.2902610566881 10.2294437620375 10.1742922465007 10.2595862282647 10.263867272271 10.2437359491984 10.1640606986152 10.1287185880873 10.1684631771511 10.2197957568698 10.2194417317708 10.2024272282918 10.2202347649468 10.1949474546644 10.1154904895359 10.1651692920261 10.1392299864027 10.216929965549 10.1318821377224 10.13648086124 10.1331506305271 10.2571141984728 10.0943011177911 10.1695251464844 10.0841386583116 10.0549665027195 10.045299106174 10.0371588601006 10.031322479248 10.1119937896729 10.1093791325887 10.1412937376234 10.1618217892117 10.1439812978109 10.1557494269477 10.2311665217082 10.2002425723606
10.2381510204739 10.1237799326579 10.0100006527371 10.0341826544868 10.0235416624281 10.0268202887641 10.0877587000529 10.1894723044501 10.1432657241821 10.1385932498508 10.1119333902995 10.1542359458076 10.349060482449 10.2881570392185 10.0359440909492 10.2355760998196 10.2391288545397 10.2791615592109 10.2449481752184 10.2249885135227 10.1829410129123 10.1721491283841 10.3704069985284 10.2184298833211 10.1932546827528 10.1342957814534 10.2205796771579 10.2665139304267 10.2393060260349 10.2652390797933 10.2576067182753 10.1535369025336 10.1082283655802 10.1073400709364 10.2104856703016 10.1748545964559 10.2578785154555 10.2003470526801 10.1835188335843 10.0293350219727 9.99577765994602 10.0410032272339 10.0917542775472 10.0293230480618 10.056509759691 10.0850217607286 10.107634862264 10.1268867916531 10.0797746446398 10.0584494272868 10.117162598504 10.1720106336806 10.1425602171156 10.1615000830756 10.2102647357517
