data/cape_peninsula/rasters90/Tmin_jul_mean.asc
NCOLS 225 
NROWS 643 
XLLCORNER 249990 
YLLCORNER 6189390 
CELLSIZE 90 
NODATA_value -9999 
[rows 264 to 287 of 643, columns 55 to 109 of 225]
-9999 -9999 -9999 -9999 -9999 -9999 -9999 -9999 -9999 -9999 10.32004737854 10.1554614173041 10.2432917488946 10.3863677978516 10.1613563961453 10.1232614517212 10.203126695421 10.2616299523248 10.2260455025567 10.1779649522569 10.2443670696682 10.18995613522 10.1239127053155 10.1075542238024 10.2384884092543 10.2661707136366 10.2202565934923 10.1958578957452 10.1711064444648 10.2280460993449 10.1754543516371 10.1569874021742 10.156674279107 10.1471441056993 10.1435596677992 10.1594951417711 10.1607731713189 10.2069702148438 10.1810722351074 10.1262814203898 10.0837269888984 10.0686505635579 10.0643370946248 10.0515047709147 9.98747571309407 9.94980133904351 9.95174121856689 9.87228160434299 9.77647240956624 9.70187547471788 9.67718293931749 9.58616129557292 9.5300571653578 9.51905706193712 9.43130154079861
-9999 -9999 -9999 -9999 -9999 -9999 -9999 -9999 -9999 -9999 10.329675356547 10.1148736741808 10.2025123172336 10.3589074876573 10.1855020523071 10.2127568986681 10.1686193678114 10.3308147854275 10.1513205634223 10.173985057407 10.2223229938083 10.2939140531752 10.0782508850098 10.1202704111735 10.2352826860216 10.3006410598755 10.1918376286825 10.2001637352837 10.2043872409397 10.2003619935777 10.1538734436035 10.1714785893758 10.1684410307142 10.1415938271417 10.1759400897556 10.1832507451375 10.1956362194485 10.2243881225586 10.1650884416368 10.1228151321411 10.0855842166477 10.1024745305379 10.1030173831516 10.0415842268202 9.9803966946072 10.0002151065403 9.98150666554769 9.81727769639757 9.75436104668511 9.68769306606717 9.66983678605821 9.72040388319227 9.63333119286431 9.51085726420085 9.42850769890679
-9999 -9999 -9999 -9999 -9999 -9999 -9999 -9999 -9999 -9999 10.3506851196289 10.2447554270426 10.199649810791 10.353877597385 10.2154355578952 10.2248244815403 10.2553123897976 10.3387885623508 10.1487718158298 10.322910838657 10.2510494656033 10.2977387110392 10.1399897469415 10.1583361095852 10.265012105306 10.25019370185 10.1916431850857 10.182672712538 10.231130917867 10.2066558202108 10.1579790115356 10.1642685996162 10.1787095599704 10.1563461091783 10.1861547893948 10.173860973782 10.1803013483683 10.1989824506972 10.1816256841024 10.14544889662 10.1312351226807 10.1025320688883 10.0732088088989 10.0951737297906 10.0222940444946 9.97933133443196 9.93903499179416 9.816316180759 9.73521179623074 9.7074744966295 9.67511526743571 9.6518882115682 9.59987703959147 9.50863382551405 9.33246040344238
-9999 -9999 -9999 -9999 -9999 -9999 -9999 -9999 -9999 -9999 10.3808786869049 10.1453964445326 10.2390731175741 10.3417598936293 10.1962654325697 10.1822608311971 10.2580873701308 10.269740846422 10.2501390245226 10.2188563876682 10.1994512346056 10.2483179304335 10.1774649090237 10.1938209533691 10.2553031709459 10.2381867302789 10.2410256067912 10.2055691613091 10.2214141421848 10.189161406623 10.1764016681247 10.1941556930542 10.1635282304552 10.18880282508 10.1761940850152 10.1683448155721 10.1723554399278 10.1883291668362 10.1987029181586 10.1708654827542 10.1372426350911 10.1678497526381 10.1314866807726 10.2137975692749 10.0404086642795 9.9699977238973 9.91482014126248 9.82491503821479 9.76238112979465 9.74546337127686 9.70213010576036 9.62653838263618 9.53989304436578 9.47474151187473 9.41656568315294
-9999 -9999 -9999 -9999 -9999 -9999 -9999 -9999 -9999 -9999 10.3453995386759 10.1491364373101 10.2606455485026 10.3223598268297 10.1898125542535 10.2141655815972 10.1778999964396 10.2734395133124 10.286495314704 10.1979084014893 10.2801223331028 10.2855398390028 10.2125928666857 10.1861266030206 10.2873478995429 10.2323922051324 10.2001461452908 10.2553739547729 10.2079803678724 10.1976914935642 10.1742407480876 10.1935751173231 10.1698309580485 10.1975458992852 10.1798737843831 10.1704676946004 10.1763558917575 10.1874862247043 10.2227580812242 10.2075756920709 10.1564322577582 10.1771170298258 10.0455192989773 10.0324144363403 9.98648156060113 9.91709433661567 9.83081340789795 9.78810702429877 9.73620329962836 9.72347036997477 9.71541849772135 9.68005307515462 9.53106901380751 9.4736499786377 9.39206748538547
-9999 -9999 -9999 -9999 -9999 -9999 -9999 -9999 -9999 -9999 10.3466831843058 10.1476520962185 10.2092554304335 10.348287264506 10.1915265189277 10.1735745535956 10.1701287163628 10.2192175123427 10.2326056162516 10.295552889506 10.1555295520359 10.3124206331041 10.2645853890313 10.2069678836399 10.2568596733941 10.3158139122857 10.1739444732666 10.304030418396 10.2111396789551 10.1963985231188 10.1880089441935 10.1847092310588 10.1694253285726 10.2010436587863 10.1880570517646 10.1750966178046 10.187049123976 10.1942159864638 10.2085773679945 10.2060946358575 10.2585740619236 10.1278764936659 10.0483489566379 10.0459837383694 9.99473614162869 9.97937689887153 9.95878918965657 9.90911557939318 9.84969817267524 9.81508816613091 9.76676760779487 9.70265611012777 9.60826704237196 9.48784277174208 9.39993964301215
-9999 -9999 -9999 -9999 -9999 -9999 -9999 -9999 -9999 -9999 10.3178148269653 10.2089899910821 10.1493321524726 10.2536510891385 10.226003434923 10.1344090567695 10.2591965993245 10.2353990342882 10.2663910124037 10.2031496895684 10.2215455373128 10.3449391259087 10.221521059672 10.2048299577501 10.2838036219279 10.3119631873237 10.2036306593153 10.2736713621351 10.1601725684272 10.2216166390313 10.1944512261285 10.1881819831 10.1812434726291 10.1632579167684 10.185310681661 10.1735999849108 10.1806387371487 10.2199915779961 10.1977638668484 10.3193959130181 10.2050157123142 10.1029672622681 10.0944385528564 10.125202814738 10.109355184767 10.1829531987508 10.1322189966838 10.0539819929335 9.98144033220079 9.89269955952962 9.81400722927517 9.69956684112549 9.5894996854994 9.47363895840115 9.40003575219048
-9999 -9999 -9999 -9999 -9999 -9999 -9999 -9999 -9999 -9999 10.342058022817 10.1427850723267 10.0921921200222 10.3141334321764 10.2479696273804 10.1172865761651 10.2730362150404 10.291465971205 10.2091223398844 10.2233312394884 10.2197082307604 10.2640895843506 10.2475951512655 10.1741214328342 10.3163170284695 10.2552633285522 10.2293917338053 10.2577102449205 10.2229687372843 10.2383308410645 10.2439398235745 10.2304708692763 10.1899406645033 10.1370647218492 10.1760047276815 10.1842985153198 10.2154849370321 10.2448394563463 10.2638896306356 10.2307941648695 10.138988494873 10.1574804517958 10.1447670194838 10.2652307086521 10.1552925109863 10.5400368372599 10.359071943495 10.1080543729994 9.92624897427029 9.92098002963596 9.81719811757405 9.61708068847656 9.5964224073622 9.36979664696587 9.39583322736952
-9999 -9999 -9999 -9999 -9999 -9999 -9999 -9999 -9999 -9999 10.3634170956082 10.1301738950941 10.1196934382121 10.3280833562215 10.206279542711 10.0917757882012 10.3113700018989 10.2439104715983 10.2043392393324 10.1866053475274 10.2361653645833 10.2238057454427 10.2485955556234 10.1289605034722 10.3032193713718 10.1851762135824 10.2735839419895 10.1551885604858 10.1957499186198 10.2569075690375 10.2509291966756 10.2618163426717 10.2007143232558 10.1864030626085 10.1619582706028 10.2022547192044 10.2149447335137 10.2541088528103 10.2245737711589 10.2161759270562 10.2305732303196 10.208786116706 10.2164679633247 10.2653175989787 10.4277625613742 10.5477151870728 9.90438355339898 10.098209698995 9.76102066040039 9.94721391465929 9.7969724867079 9.49800332387288 9.33655675252279 9.29232459598117 9.35367668999566
-9999 -9999 -9999 -9999 -9999 -9999 -9999 -9999 -9999 10.3563318252563 10.3518505096436 10.1295986175537 10.2097769843207 10.3417517344157 10.1643433041043 10.2026709450616 10.2344075308906 10.2637500762939 10.1985508600871 10.1892904705471 10.2337061564128 10.2681113349067 10.1210455364651 10.1303940878974 10.2831665674845 10.2607113520304 10.2658698823717 10.1645237604777 10.2324968973796 10.2710000144111 10.2049701478746 10.2377280129327 10.1744991938273 10.2070503234863 10.1708449257745 10.1877153184679 10.2184477912055 10.2389983071221 10.2292074627346 10.2396788067288 10.3103482988146 10.2560674879286 10.2367972267999 10.20038901435 10.387819925944 10.2357353634304 10.0032338036431 9.97823153601752 9.78723526000977 9.94979699452718 9.73100344340006 9.56829028659397 9.47900051540799 9.45915529463026 9.42263094584147
-9999 -9999 -9999 -9999 -9999 -9999 -9999 -9999 -9999 10.3480294545492 10.3089225557115 10.1445177925958 10.1309888627794 10.3444684346517 10.1630584928724 10.2754796346029 10.2377170986599 10.1042362848918 10.2249335183038 10.2740034527249 10.1751029756334 10.2013332578871 10.1597308052911 10.1699004703098 10.2538314395481 10.2614481184218 10.2084244622125 10.1976625654433 10.2602359983656 10.2488703197903 10.2057222790188 10.241813659668 10.2337002224392 10.2578438652886 10.1340353224013 10.2154870563083 10.1867473390367 10.2363769743178 10.2507092158 10.3457075754801 10.3069110446506 10.2620254092746 10.2155519061618 10.1396972868178 10.0403604507446 10.0575675964355 10.3782244788276 9.9736778471205 9.79883723788791 9.79041269090441 10.0496971342299 9.98031319512261 9.6073645485772 9.44680563608805 9.55612627665202
-9999 -9999 -9999 -9999 -9999 -9999 -9999 -9999 -9999 10.3488118648529 10.2721906238132 10.1339058346219 10.2306847042508 10.3388455708822 10.2067632675171 10.2260086271498 10.2343425750732 10.1540636486477 10.2313996420966 10.1835958692763 10.2450589074029 10.2480940288968 10.3129198286268 10.2088165283203 10.2328936258952 10.1386612786187 10.2213779025608 10.2484109666612 10.1717367172241 10.2570384343465 10.2025405036079 10.3106981913249 10.2744358910455 10.1837864981757 10.2249784469604 10.206092092726 10.1133000055949 10.2462525897556 10.2996347215441 10.379444970025 10.3245491451687 10.2801630232069 10.2324899037679 10.1385341220432 9.95295831892225 9.83327706654866 10.1505566702949 10.3384607103136 10.0320666631063 9.78913349575467 9.77498881022135 9.9162237379286 10.1512596342299 9.76012314690484 9.47530968983968
-9999 -9999 -9999 -9999 -9999 -9999 -9999 -9999 -9999 10.3634599049886 10.3712262047662 10.1867408752441 10.2652929094103 10.3002616034614 10.1717098024156 10.2794531716241 10.2189323637221 10.1780994203356 10.1810788048638 10.1976797315809 10.2461505466037 10.2494510014852 10.2462977303399 10.1204487482707 10.1716953913371 10.1667866177029 10.2685666614109 10.2408496008979 10.2371175554064 10.2782820595635 10.2213425106472 10.1587213940091 10.2236713833279 10.1741029951308 10.2436326344808 10.2515450583564 10.1842417187161 10.2844226625231 10.2142536375258 10.3804915746053 10.3326508204142 10.2937592400445 10.3254894680447 10.1440398957994 9.98242060343424 9.91107357872857 9.92864100138346 10.0464193556044 10.0271540747748 9.90458022223578 9.80410353342692 9.77574825286865 9.83590602874756 10.0279659695095 9.88414944542779
-9999 -9999 -9999 -9999 -9999 -9999 -9999 -9999 -9999 10.3157766660055 10.2374492221408 10.1844824684991 10.251852883233 10.2165790134006 10.2399012247721 10.2335019641452 10.2591443591648 10.2649909125434 10.2404639985826 10.1454901165432 10.243336253696 10.255523469713 10.2045761744181 10.1802433861627 10.2317889531453 10.0731754302979 10.162757979499 10.2753061718411 10.1424163182576 10.2154207229614 10.2882494396634 10.1263688405355 10.1903824276394 10.2064705954658 10.2629123263889 10.2813337114122 10.2824160257975 10.2289552688599 10.1810532675849 10.2826472388373 10.3947497473823 10.2819511625502 10.3010929955377 10.2927419874403 10.0889351103041 9.95412413279215 9.99763192070855 9.97145366668701 9.9583715862698 9.94796095954047 9.93769984775119 9.90852175818549 9.78239843580458 9.80405076344808 9.97236039903429
-9999 -9999 -9999 -9999 -9999 -9999 -9999 -9999 -9999 10.2983107566833 10.2088267008464 10.1081435945299 10.3363610373603 10.1430878109402 10.2204037772285 10.3898786968655 10.311077647739 10.2160010867649 10.1798739963108 10.2202758789062 10.1963005065918 10.282237900628 10.1630210876465 10.1319512261285 10.2493277655707 10.1489543914795 10.2517940733168 10.3190784454346 10.242251502143 10.1586354573568 10.2105158699883 10.0714919832018 10.1618984010484 10.174191792806 10.2298301060994 10.2237966325548 10.2608985900879 10.2215428882175 10.2325707541572 10.1679054896037 10.3373438517253 10.3453056547377 10.3379793167114 10.3144401974148 10.262862417433 10.0696158938938 10.0564653608534 10.0342206954956 9.95713922712538 10.0132089191013 10.0661629570855 10.0419425964355 9.98798730638292 9.8865090476142 9.87868393792046
-9999 -9999 -9999 -9999 -9999 -9999 -9999 -9999 -9999 10.3306986490885 10.1718196868896 10.2345197465685 10.2947085698446 10.2003995047675 10.3769677480062 10.2706158955892 10.1647873984443 10.2793584399753 10.238762749566 10.2173782984416 10.1739846335517 10.2827417585585 10.1629011366102 10.1775569915771 10.1402509477403 10.1804370880127 10.2757354312473 10.1785658730401 10.2401612599691 10.1636000739204 10.1730734507243 10.2595545450846 10.1624129613241 10.1627377404107 10.1403950585259 10.2170491748386 10.1671081119113 10.2798934512668 10.2544856601291 10.0909116533067 10.2297972573174 10.2877969741821 10.3440664079454 10.3698490990533 10.3481101989746 10.2359574635824 10.2289038764106 10.1867598427667 10.0672556559245 10.098981751336 10.1109773847792 10.07013575236 10.0058380762736 10.0202009412977 10.0935931735569
-9999 -9999 -9999 -9999 -9999 -9999 -9999 -9999 -9999 10.3867586983575 10.1722191704644 10.3002362781101 10.2265312406752 10.1900223626031 10.2729586495294 10.1697335773044 10.3330402374268 10.1695620218913 10.2049377229479 10.2392747667101 10.2939753002591 10.223196665446 10.1855547163222 10.2349696689182 10.1179189682007 10.1204663382636 10.3641788694594 10.1815837224325 10.2681819068061 10.2226977878147 10.203839302063 10.2988118065728 10.26016553243 10.2201409869724 10.110912322998 10.2096115748088 10.1557180616591 10.291622267829 10.176818423801 10.1367534001668 10.1420009401109 10.2467726601495 10.2508573532104 10.2852882809109 10.3375353283352 10.3118985493978 10.2887931399875 10.2962053087023 10.2469395531548 10.1714506149292 10.149284362793 10.0268161561754 10.0265340805054 10.0916650560167 10.1517927381727
-9999 -9999 -9999 -9999 -9999 -9999 -9999 -9999 10.3791341781616 10.3462181091309 10.2728267245822 10.3873352474636 10.2874505784776 10.2914496527778 10.3469708760579 10.3220342000326 10.1898211373223 10.156312306722 10.1627226935493 10.2775651084052 10.1816874610053 10.2627900441488 10.1078899171617 10.257607989841 10.2684508429633 10.2310875786675 10.1911002265082 10.2275213665432 10.1720969941881 10.1631864971585 10.3174894120958 10.2488448884752 10.3709709379408 10.2393965191311 10.1809922324287 10.1023824479845 10.2750717798869 10.1827307807075 10.1533743540446 10.1808571285672 10.1315020455254 10.1831890741984 10.2638303968641 10.2273939980401 10.2298439873589 10.2552892896864 10.213781674703 10.2414353688558 10.2502162721422 10.2695831722683 10.1980989244249 10.244938744439 10.1797891192966 10.1725317637126 10.1523340013292
-9999 -9999 -9999 -9999 -9999 -9999 -9999 -9999 10.3271844387054 10.3218368954129 10.265236960517 10.3034140268962 10.2875957489014 10.3081181844076 10.1900928285387 10.1793539259169 10.1605532964071 10.2203764385647 10.1757326126099 10.1992477840847 10.2219388749864 10.2507747014364 10.1894588470459 10.2600039376153 10.3300181494819 10.1797504425049 10.2439093059964 10.1646906534831 10.1202709409926 10.2896324793498 10.2754902309842 10.2690192328559 10.3480535083347 10.1349717246162 10.1671069463094 10.2097098032633 10.1188509199354 10.1337527169122 10.2167982525296 10.2939298417833 10.0641558965047 10.1978976991442 10.2829319636027 10.2369829813639 10.1941702100966 10.2318343056573 10.2239404254489 10.1624997456868 10.1923087437948 10.2810688018799 10.2496173646715 10.1896913316515 10.2310740152995 10.341775894165 10.2568408118354
-9999 -9999 -9999 -9999 -9999 -9999 -9999 -9999 10.3561406135559 10.2145282957289 10.2993047502306 10.1190147399902 10.1822344462077 10.2662454181247 10.1822962231106 10.1116477118598 10.1686775419447 10.1964415444268 10.3670499589708 10.2585888968574 10.1560738881429 10.2047577963935 10.3114476733738 10.3056366178724 10.3026427163018 10.2769884533352 10.2129569583469 10.1971964306302 10.1206194559733 10.3871943155924 10.2646072175768 10.1114301681519 10.2491900126139 10.1554523044162 10.0443844265408 10.1624142328898 10.1771486070421 10.1497022840712 10.1694321102566 10.2555940416124 10.1854961183336 10.2938681708442 10.2640673319499 10.165044148763 10.2141895294189 10.2312591340807 10.2091684341431 10.2249037424723 10.2239452997843 10.1240582995945 10.2129553688897 10.1294384002686 10.1502010557387 10.2307505077786 10.2727541393704
-9999 -9999 -9999 -9999 -9999 -9999 -9999 -9999 10.3525659243266 10.2349745432536 10.3186932669746 10.2333179050022 10.2548028098212 10.2158669365777 10.2731627358331 10.1978018018934 10.1709761089749 10.2534370422363 10.1901696523031 10.2106876373291 10.1489886177911 10.2778899934557 10.3089607026842 10.3160057067871 10.3572418424818 10.2692649629381 10.3206764856974 10.1039357715183 10.2376085917155 10.1308809916178 10.2094340854221 10.1189646191067 10.162607828776 10.1949861314562 10.1284630033705 10.1622195773655 10.1463034947713 10.1929065916273 10.161536110772 10.2422025468614 10.3597020043267 10.1789716084798 10.1582272847493 10.2604583104451 10.2474136352539 10.2086642583211 10.2154956393772 10.2289801703559 10.2157164679633 10.2091277440389 10.1540402306451 10.0169010162354 10.062734497918 10.126220703125 10.1575570636325
-9999 -9999 -9999 -9999 -9999 -9999 -9999 -9999 10.3568216562271 10.213005595737 10.3417696423001 10.1972325642904 10.2060811784532 10.360293812222 10.1837137010362 10.2217355304294 10.2175078921848 10.2061888376872 10.1596485773722 10.1881891886393 10.1588460074531 10.3093382517497 10.2640381919013 10.2163738674588 10.2537153032091 10.2904320822822 10.1814941830105 10.1399664349026 10.1400750478109 10.2246643702189 10.1595577663845 10.1402569876777 10.1573695076836 10.2149928410848 10.1912790934245 10.2959780163235 10.2019029193454 10.1393928527832 10.2167970869276 10.3871977064345 10.2398419910007 10.1391304863824 10.1980820761787 10.1706655290392 10.2847207387288 10.1945162879096 10.2649227778117 10.1768816841973 10.2005601459079 10.1509369744195 10.2037618425157 10.1958575778537 10.1564092636108 10.1171275244819 10.034661187066
-9999 -9999 -9999 -9999 -9999 -9999 -9999 10.3704028129578 10.2320094638401 10.2266046735975 10.3309673733181 10.1809107462565 10.2900782691108 10.2849052217272 10.1908645629883 10.187198638916 10.1546048058404 10.1956014633179 10.1336241828071 10.1183007558187 10.2448758019341 10.3444915347629 10.3140629662408 10.3107389873928 10.2952941258748 10.2071429358588 10.1805719799466 10.3028301662869 10.087503751119 10.110798517863 10.1836702558729 10.1205607520209 10.2078258726332 10.2116964128282 10.2420964770847 10.2376141018338 10.2125763363308 10.1232449213664 10.2899741066827 10.2374897003174 10.1908844841851 10.1931130091349 10.1811297734578 10.3003494474623 10.288774172465 10.2863747278849 10.1990121205648 10.1282350752089 10.2359402974447 10.2090312110053 10.1672718260023 10.1811892191569 10.1755205790202 10.181510925293 10.1369717915853
-9999 -9999 -9999 -9999 -9999 -9999 -9999 10.3559155464172 10.168596373664 10.1880764431424 10.3273311191135 10.1909235848321 10.2784928215875 10.1926270590888 10.1067948871189 10.1375225914849 10.253637207879 10.1742763519287 10.1134797202216 10.1147501203749 10.2995869318644 10.2439888848199 10.3370090060764 10.2554692162408 10.2781330744425 10.214822769165 10.2406080034044 10.2263122134738 10.1549010806613 10.0965366363525 10.1425008773804 10.1969964769151 10.1447584364149 10.1619444953071 10.2100223965115 10.2481570773655 10.3233082029555 10.0944783952501 10.2595129013062 10.2250939475165 10.1382123099433 10.2261373731825 10.2416355344984 10.3098698721992 10.2558221817017 10.2354903750949 10.1884024937948 10.1744118796455 10.1810227500068 10.2274624506632 10.1601754294501 10.193507194519 10.1668913099501 10.1627572377523 10.1566329532199
